  0.3000   8.7000 1
  0.1500   8.9598 1
 -0.1500   8.9598 1
 -0.3000   8.7000 1
 -0.1500   8.4402 1
  0.1500   8.4402 1
  0.6000   8.7000 1
  0.5196   9.0000 1
  0.3000   9.2196 1
  0.0000   9.3000 1
 -0.3000   9.2196 1
 -0.5196   9.0000 1
 -0.6000   8.7000 1
 -0.5196   8.4000 1
 -0.3000   8.1804 1
 -0.0000   8.1000 1
  0.3000   8.1804 1
  0.5196   8.4000 1
  0.9000   8.7000 1
  0.8457   9.0078 1
  0.6894   9.2785 1
  0.4500   9.4794 1
  0.1563   9.5863 1
 -0.1563   9.5863 1
 -0.4500   9.4794 1
 -0.6894   9.2785 1
 -0.8457   9.0078 1
 -0.9000   8.7000 1
 -0.8457   8.3922 1
 -0.6894   8.1215 1
 -0.4500   7.9206 1
 -0.1563   7.8137 1
  0.1563   7.8137 1
  0.4500   7.9206 1
  0.6894   8.1215 1
  0.8457   8.3922 1
  1.2000   8.7000 1
  1.1591   9.0106 1
  1.0392   9.3000 1
  0.8485   9.5485 1
  0.6000   9.7392 1
  0.3106   9.8591 1
  0.0000   9.9000 1
 -0.3106   9.8591 1
 -0.6000   9.7392 1
 -0.8485   9.5485 1
 -1.0392   9.3000 1
 -1.1591   9.0106 1
 -1.2000   8.7000 1
 -1.1591   8.3894 1
 -1.0392   8.1000 1
 -0.8485   7.8515 1
 -0.6000   7.6608 1
 -0.3106   7.5409 1
 -0.0000   7.5000 1
  0.3106   7.5409 1
  0.6000   7.6608 1
  0.8485   7.8515 1
  1.0392   8.1000 1
  1.1591   8.3894 1
  1.5000   8.7000 1
  1.4672   9.0119 1
  1.3703   9.3101 1
  1.2135   9.5817 1
  1.0037   9.8147 1
  0.7500   9.9990 1
  0.4635  10.1266 1
  0.1568  10.1918 1
 -0.1568  10.1918 1
 -0.4635  10.1266 1
 -0.7500   9.9990 1
 -1.0037   9.8147 1
 -1.2135   9.5817 1
 -1.3703   9.3101 1
 -1.4672   9.0119 1
 -1.5000   8.7000 1
 -1.4672   8.3881 1
 -1.3703   8.0899 1
 -1.2135   7.8183 1
 -1.0037   7.5853 1
 -0.7500   7.4010 1
 -0.4635   7.2734 1
 -0.1568   7.2082 1
  0.1568   7.2082 1
  0.4635   7.2734 1
  0.7500   7.4010 1
  1.0037   7.5853 1
  1.2135   7.8183 1
  1.3703   8.0899 1
  1.4672   8.3881 1
  1.8000   8.7000 1
  1.7727   9.0126 1
  1.6914   9.3156 1
  1.5588   9.6000 1
  1.3789   9.8570 1
  1.1570  10.0789 1
  0.9000  10.2588 1
  0.6156  10.3914 1
  0.3126  10.4727 1
  0.0000  10.5000 1
 -0.3126  10.4727 1
 -0.6156  10.3914 1
 -0.9000  10.2588 1
 -1.1570  10.0789 1
 -1.3789   9.8570 1
 -1.5588   9.6000 1
 -1.6914   9.3156 1
 -1.7727   9.0126 1
 -1.8000   8.7000 1
 -1.7727   8.3874 1
 -1.6914   8.0844 1
 -1.5588   7.8000 1
 -1.3789   7.5430 1
 -1.1570   7.3211 1
 -0.9000   7.1412 1
 -0.6156   7.0086 1
 -0.3126   6.9273 1
 -0.0000   6.9000 1
  0.3126   6.9273 1
  0.6156   7.0086 1
  0.9000   7.1412 1
  1.1570   7.3211 1
  1.3789   7.5430 1
  1.5588   7.8000 1
  1.6914   8.0844 1
  1.7727   8.3874 1
  2.1000   8.7000 1
  2.0765   9.0130 1
  2.0067   9.3190 1
  1.8920   9.6112 1
  1.7351   9.8830 1
  1.5394  10.1284 1
  1.3093  10.3418 1
  1.0500  10.5187 1
  0.7672  10.6548 1
  0.4673  10.7473 1
  0.1569  10.7941 1
 -0.1569  10.7941 1
 -0.4673  10.7473 1
 -0.7672  10.6548 1
 -1.0500  10.5187 1
 -1.3093  10.3418 1
 -1.5394  10.1284 1
 -1.7351   9.8830 1
 -1.8920   9.6112 1
 -2.0067   9.3190 1
 -2.0765   9.0130 1
 -2.1000   8.7000 1
 -2.0765   8.3870 1
 -2.0067   8.0810 1
 -1.8920   7.7888 1
 -1.7351   7.5170 1
 -1.5394   7.2716 1
 -1.3093   7.0582 1
 -1.0500   6.8813 1
 -0.7672   6.7452 1
 -0.4673   6.6527 1
 -0.1569   6.6059 1
  0.1569   6.6059 1
  0.4673   6.6527 1
  0.7672   6.7452 1
  1.0500   6.8813 1
  1.3093   7.0582 1
  1.5394   7.2716 1
  1.7351   7.5170 1
  1.8920   7.7888 1
  2.0067   8.0810 1
  2.0765   8.3870 1
  2.4000   8.7000 1
  2.3795   9.0133 1
  2.3182   9.3212 1
  2.2173   9.6184 1
  2.0785   9.9000 1
  1.9040  10.1610 1
  1.6971  10.3971 1
  1.4610  10.6040 1
  1.2000  10.7785 1
  0.9184  10.9173 1
  0.6212  11.0182 1
  0.3133  11.0795 1
  0.0000  11.1000 1
 -0.3133  11.0795 1
 -0.6212  11.0182 1
 -0.9184  10.9173 1
 -1.2000  10.7785 1
 -1.4610  10.6040 1
 -1.6971  10.3971 1
 -1.9040  10.1610 1
 -2.0785   9.9000 1
 -2.2173   9.6184 1
 -2.3182   9.3212 1
 -2.3795   9.0133 1
 -2.4000   8.7000 1
 -2.3795   8.3867 1
 -2.3182   8.0788 1
 -2.2173   7.7816 1
 -2.0785   7.5000 1
 -1.9040   7.2390 1
 -1.6971   7.0029 1
 -1.4610   6.7960 1
 -1.2000   6.6215 1
 -0.9184   6.4827 1
 -0.6212   6.3818 1
 -0.3133   6.3205 1
 -0.0000   6.3000 1
  0.3133   6.3205 1
  0.6212   6.3818 1
  0.9184   6.4827 1
  1.2000   6.6215 1
  1.4610   6.7960 1
  1.6971   7.0029 1
  1.9040   7.2390 1
  2.0785   7.5000 1
  2.2173   7.7816 1
  2.3182   8.0788 1
  2.3795   8.3867 1
  2.7000   8.7000 1
  2.6817   9.0135 1
  2.6272   9.3227 1
  2.5372   9.6235 1
  2.4128   9.9118 1
  2.2558  10.1837 1
  2.0683  10.4355 1
  1.8529  10.6639 1
  1.6123  10.8657 1
  1.3500  11.0383 1
  1.0694  11.1792 1
  0.7744  11.2866 1
  0.4689  11.3590 1
  0.1570  11.3954 1
 -0.1570  11.3954 1
 -0.4689  11.3590 1
 -0.7744  11.2866 1
 -1.0694  11.1792 1
 -1.3500  11.0383 1
 -1.6123  10.8657 1
 -1.8529  10.6639 1
 -2.0683  10.4355 1
 -2.2558  10.1837 1
 -2.4128   9.9118 1
 -2.5372   9.6235 1
 -2.6272   9.3227 1
 -2.6817   9.0135 1
 -2.7000   8.7000 1
 -2.6817   8.3865 1
 -2.6272   8.0773 1
 -2.5372   7.7765 1
 -2.4128   7.4882 1
 -2.2558   7.2163 1
 -2.0683   6.9645 1
 -1.8529   6.7361 1
 -1.6123   6.5343 1
 -1.3500   6.3617 1
 -1.0694   6.2208 1
 -0.7744   6.1134 1
 -0.4689   6.0410 1
 -0.1570   6.0046 1
  0.1570   6.0046 1
  0.4689   6.0410 1
  0.7744   6.1134 1
  1.0694   6.2208 1
  1.3500   6.3617 1
  1.6123   6.5343 1
  1.8529   6.7361 1
  2.0683   6.9645 1
  2.2558   7.2163 1
  2.4128   7.4882 1
  2.5372   7.7765 1
  2.6272   8.0773 1
  2.6817   8.3865 1
  3.0000   8.7000 1
  2.9836   9.0136 1
  2.9344   9.3237 1
  2.8532   9.6271 1
  2.7406   9.9202 1
  2.5981  10.2000 1
  2.4271  10.4634 1
  2.2294  10.7074 1
  2.0074  10.9294 1
  1.7634  11.1271 1
  1.5000  11.2981 1
  1.2202  11.4406 1
  0.9271  11.5532 1
  0.6237  11.6344 1
  0.3136  11.6836 1
  0.0000  11.7000 1
 -0.3136  11.6836 1
 -0.6237  11.6344 1
 -0.9271  11.5532 1
 -1.2202  11.4406 1
 -1.5000  11.2981 1
 -1.7634  11.1271 1
 -2.0074  10.9294 1
 -2.2294  10.7074 1
 -2.4271  10.4634 1
 -2.5981  10.2000 1
 -2.7406   9.9202 1
 -2.8532   9.6271 1
 -2.9344   9.3237 1
 -2.9836   9.0136 1
 -3.0000   8.7000 1
 -2.9836   8.3864 1
 -2.9344   8.0763 1
 -2.8532   7.7729 1
 -2.7406   7.4798 1
 -2.5981   7.2000 1
 -2.4271   6.9366 1
 -2.2294   6.6926 1
 -2.0074   6.4706 1
 -1.7634   6.2729 1
 -1.5000   6.1019 1
 -1.2202   5.9594 1
 -0.9271   5.8468 1
 -0.6237   5.7656 1
 -0.3136   5.7164 1
 -0.0000   5.7000 1
  0.3136   5.7164 1
  0.6237   5.7656 1
  0.9271   5.8468 1
  1.2202   5.9594 1
  1.5000   6.1019 1
  1.7634   6.2729 1
  2.0074   6.4706 1
  2.2294   6.6926 1
  2.4271   6.9366 1
  2.5981   7.2000 1
  2.7406   7.4798 1
  2.8532   7.7729 1
  2.9344   8.0763 1
  2.9836   8.3864 1
  3.3000   8.7000 1
  3.2851   9.0137 1
  3.2404   9.3245 1
  3.1663   9.6297 1
  3.0636   9.9265 1
  2.9332  10.2121 1
  2.7761  10.4841 1
  2.5940  10.7399 1
  2.3883  10.9773 1
  2.1610  11.1940 1
  1.9142  11.3881 1
  1.6500  11.5579 1
  1.3709  11.7018 1
  1.0793  11.8185 1
  0.7780  11.9070 1
  0.4696  11.9664 1
  0.1570  11.9963 1
 -0.1570  11.9963 1
 -0.4696  11.9664 1
 -0.7780  11.9070 1
 -1.0793  11.8185 1
 -1.3709  11.7018 1
 -1.6500  11.5579 1
 -1.9142  11.3881 1
 -2.1610  11.1940 1
 -2.3883  10.9773 1
 -2.5940  10.7399 1
 -2.7761  10.4841 1
 -2.9332  10.2121 1
 -3.0636   9.9265 1
 -3.1663   9.6297 1
 -3.2404   9.3245 1
 -3.2851   9.0137 1
 -3.3000   8.7000 1
 -3.2851   8.3863 1
 -3.2404   8.0755 1
 -3.1663   7.7703 1
 -3.0636   7.4735 1
 -2.9332   7.1879 1
 -2.7761   6.9159 1
 -2.5940   6.6601 1
 -2.3883   6.4227 1
 -2.1610   6.2060 1
 -1.9142   6.0119 1
 -1.6500   5.8421 1
 -1.3709   5.6982 1
 -1.0793   5.5815 1
 -0.7780   5.4930 1
 -0.4696   5.4336 1
 -0.1570   5.4037 1
  0.1570   5.4037 1
  0.4696   5.4336 1
  0.7780   5.4930 1
  1.0793   5.5815 1
  1.3709   5.6982 1
  1.6500   5.8421 1
  1.9142   6.0119 1
  2.1610   6.2060 1
  2.3883   6.4227 1
  2.5940   6.6601 1
  2.7761   6.9159 1
  2.9332   7.1879 1
  3.0636   7.4735 1
  3.1663   7.7703 1
  3.2404   8.0755 1
  3.2851   8.3863 1
  3.6000   8.7000 1
  3.5863   9.0138 1
  3.5453   9.3251 1
  3.4773   9.6317 1
  3.3829   9.9313 1
  3.2627  10.2214 1
  3.1177  10.5000 1
  2.9489  10.7649 1
  2.7578  11.0140 1
  2.5456  11.2456 1
  2.3140  11.4578 1
  2.0649  11.6489 1
  1.8000  11.8177 1
  1.5214  11.9627 1
  1.2313  12.0829 1
  0.9317  12.1773 1
  0.6251  12.2453 1
  0.3138  12.2863 1
  0.0000  12.3000 1
 -0.3138  12.2863 1
 -0.6251  12.2453 1
 -0.9317  12.1773 1
 -1.2313  12.0829 1
 -1.5214  11.9627 1
 -1.8000  11.8177 1
 -2.0649  11.6489 1
 -2.3140  11.4578 1
 -2.5456  11.2456 1
 -2.7578  11.0140 1
 -2.9489  10.7649 1
 -3.1177  10.5000 1
 -3.2627  10.2214 1
 -3.3829   9.9313 1
 -3.4773   9.6317 1
 -3.5453   9.3251 1
 -3.5863   9.0138 1
 -3.6000   8.7000 1
 -3.5863   8.3862 1
 -3.5453   8.0749 1
 -3.4773   7.7683 1
 -3.3829   7.4687 1
 -3.2627   7.1786 1
 -3.1177   6.9000 1
 -2.9489   6.6351 1
 -2.7578   6.3860 1
 -2.5456   6.1544 1
 -2.3140   5.9422 1
 -2.0649   5.7511 1
 -1.8000   5.5823 1
 -1.5214   5.4373 1
 -1.2313   5.3171 1
 -0.9317   5.2227 1
 -0.6251   5.1547 1
 -0.3138   5.1137 1
 -0.0000   5.1000 1
  0.3138   5.1137 1
  0.6251   5.1547 1
  0.9317   5.2227 1
  1.2313   5.3171 1
  1.5214   5.4373 1
  1.8000   5.5823 1
  2.0649   5.7511 1
  2.3140   5.9422 1
  2.5456   6.1544 1
  2.7578   6.3860 1
  2.9489   6.6351 1
  3.1177   6.9000 1
  3.2627   7.1786 1
  3.3829   7.4687 1
  3.4773   7.7683 1
  3.5453   8.0749 1
  3.5863   8.3862 1
  3.9000   8.7000 1
  3.8874   9.0138 1
  3.8495   9.3256 1
  3.7867   9.6333 1
  3.6993   9.9350 1
  3.5879  10.2287 1
  3.4533  10.5124 1
  3.2962  10.7844 1
  3.1178  11.0429 1
  2.9192  11.2862 1
  2.7016  11.5127 1
  2.4665  11.7210 1
  2.2155  11.9096 1
  1.9500  12.0775 1
  1.6719  12.2235 1
  1.3830  12.3466 1
  1.0850  12.4460 1
  0.7801  12.5212 1
  0.4701  12.5716 1
  0.1570  12.5968 1
 -0.1570  12.5968 1
 -0.4701  12.5716 1
 -0.7801  12.5212 1
 -1.0850  12.4460 1
 -1.3830  12.3466 1
 -1.6719  12.2235 1
 -1.9500  12.0775 1
 -2.2155  11.9096 1
 -2.4665  11.7210 1
 -2.7016  11.5127 1
 -2.9192  11.2862 1
 -3.1178  11.0429 1
 -3.2962  10.7844 1
 -3.4533  10.5124 1
 -3.5879  10.2287 1
 -3.6993   9.9350 1
 -3.7867   9.6333 1
 -3.8495   9.3256 1
 -3.8874   9.0138 1
 -3.9000   8.7000 1
 -3.8874   8.3862 1
 -3.8495   8.0744 1
 -3.7867   7.7667 1
 -3.6993   7.4650 1
 -3.5879   7.1713 1
 -3.4533   6.8876 1
 -3.2962   6.6156 1
 -3.1178   6.3571 1
 -2.9192   6.1138 1
 -2.7016   5.8873 1
 -2.4665   5.6790 1
 -2.2155   5.4904 1
 -1.9500   5.3225 1
 -1.6719   5.1765 1
 -1.3830   5.0534 1
 -1.0850   4.9540 1
 -0.7801   4.8788 1
 -0.4701   4.8284 1
 -0.1570   4.8032 1
  0.1570   4.8032 1
  0.4701   4.8284 1
  0.7801   4.8788 1
  1.0850   4.9540 1
  1.3830   5.0534 1
  1.6719   5.1765 1
  1.9500   5.3225 1
  2.2155   5.4904 1
  2.4665   5.6790 1
  2.7016   5.8873 1
  2.9192   6.1138 1
  3.1178   6.3571 1
  3.2962   6.6156 1
  3.4533   6.8876 1
  3.5879   7.1713 1
  3.6993   7.4650 1
  3.7867   7.7667 1
  3.8495   8.0744 1
  3.8874   8.3862 1
  4.2000   8.7000 1
  4.1883   9.0139 1
  4.1531   9.3260 1
  4.0947   9.6346 1
  4.0134   9.9380 1
  3.9097  10.2344 1
  3.7841  10.5223 1
  3.6373  10.8000 1
  3.4702  11.0659 1
  3.2837  11.3187 1
  3.0788  11.5567 1
  2.8567  11.7788 1
  2.6187  11.9837 1
  2.3659  12.1702 1
  2.1000  12.3373 1
  1.8223  12.4841 1
  1.5344  12.6097 1
  1.2380  12.7134 1
  0.9346  12.7947 1
  0.6260  12.8531 1
  0.3139  12.8883 1
  0.0000  12.9000 1
 -0.3139  12.8883 1
 -0.6260  12.8531 1
 -0.9346  12.7947 1
 -1.2380  12.7134 1
 -1.5344  12.6097 1
 -1.8223  12.4841 1
 -2.1000  12.3373 1
 -2.3659  12.1702 1
 -2.6187  11.9837 1
 -2.8567  11.7788 1
 -3.0788  11.5567 1
 -3.2837  11.3187 1
 -3.4702  11.0659 1
 -3.6373  10.8000 1
 -3.7841  10.5223 1
 -3.9097  10.2344 1
 -4.0134   9.9380 1
 -4.0947   9.6346 1
 -4.1531   9.3260 1
 -4.1883   9.0139 1
 -4.2000   8.7000 1
 -4.1883   8.3861 1
 -4.1531   8.0740 1
 -4.0947   7.7654 1
 -4.0134   7.4620 1
 -3.9097   7.1656 1
 -3.7841   6.8777 1
 -3.6373   6.6000 1
 -3.4702   6.3341 1
 -3.2837   6.0813 1
 -3.0788   5.8433 1
 -2.8567   5.6212 1
 -2.6187   5.4163 1
 -2.3659   5.2298 1
 -2.1000   5.0627 1
 -1.8223   4.9159 1
 -1.5344   4.7903 1
 -1.2380   4.6866 1
 -0.9346   4.6053 1
 -0.6260   4.5469 1
 -0.3139   4.5117 1
 -0.0000   4.5000 1
  0.3139   4.5117 1
  0.6260   4.5469 1
  0.9346   4.6053 1
  1.2380   4.6866 1
  1.5344   4.7903 1
  1.8223   4.9159 1
  2.1000   5.0627 1
  2.3659   5.2298 1
  2.6187   5.4163 1
  2.8567   5.6212 1
  3.0788   5.8433 1
  3.2837   6.0813 1
  3.4702   6.3341 1
  3.6373   6.6000 1
  3.7841   6.8777 1
  3.9097   7.1656 1
  4.0134   7.4620 1
  4.0947   7.7654 1
  4.1531   8.0740 1
  4.1883   8.3861 1
  0.0000   8.7000 1
 -7.2344   4.3500 2
 -7.3844   4.6098 2
 -7.6844   4.6098 2
 -7.8344   4.3500 2
 -7.6844   4.0902 2
 -7.3844   4.0902 2
 -6.9344   4.3500 2
 -7.0148   4.6500 2
 -7.2344   4.8696 2
 -7.5344   4.9500 2
 -7.8344   4.8696 2
 -8.0540   4.6500 2
 -8.1344   4.3500 2
 -8.0540   4.0500 2
 -7.8344   3.8304 2
 -7.5344   3.7500 2
 -7.2344   3.8304 2
 -7.0148   4.0500 2
 -6.6344   4.3500 2
 -6.6887   4.6578 2
 -6.8450   4.9285 2
 -7.0844   5.1294 2
 -7.3781   5.2363 2
 -7.6907   5.2363 2
 -7.9844   5.1294 2
 -8.2239   4.9285 2
 -8.3801   4.6578 2
 -8.4344   4.3500 2
 -8.3801   4.0422 2
 -8.2239   3.7715 2
 -7.9844   3.5706 2
 -7.6907   3.4637 2
 -7.3781   3.4637 2
 -7.0844   3.5706 2
 -6.8450   3.7715 2
 -6.6887   4.0422 2
 -6.3344   4.3500 2
 -6.3753   4.6606 2
 -6.4952   4.9500 2
 -6.6859   5.1985 2
 -6.9344   5.3892 2
 -7.2238   5.5091 2
 -7.5344   5.5500 2
 -7.8450   5.5091 2
 -8.1344   5.3892 2
 -8.3829   5.1985 2
 -8.5737   4.9500 2
 -8.6935   4.6606 2
 -8.7344   4.3500 2
 -8.6935   4.0394 2
 -8.5737   3.7500 2
 -8.3829   3.5015 2
 -8.1344   3.3108 2
 -7.8450   3.1909 2
 -7.5344   3.1500 2
 -7.2238   3.1909 2
 -6.9344   3.3108 2
 -6.6859   3.5015 2
 -6.4952   3.7500 2
 -6.3753   4.0394 2
 -6.0344   4.3500 2
 -6.0672   4.6619 2
 -6.1641   4.9601 2
 -6.3209   5.2317 2
 -6.5307   5.4647 2
 -6.7844   5.6490 2
 -7.0709   5.7766 2
 -7.3776   5.8418 2
 -7.6912   5.8418 2
 -7.9979   5.7766 2
 -8.2844   5.6490 2
 -8.5381   5.4647 2
 -8.7479   5.2317 2
 -8.9047   4.9601 2
 -9.0016   4.6619 2
 -9.0344   4.3500 2
 -9.0016   4.0381 2
 -8.9047   3.7399 2
 -8.7479   3.4683 2
 -8.5381   3.2353 2
 -8.2844   3.0510 2
 -7.9979   2.9234 2
 -7.6912   2.8582 2
 -7.3776   2.8582 2
 -7.0709   2.9234 2
 -6.7844   3.0510 2
 -6.5307   3.2353 2
 -6.3209   3.4683 2
 -6.1641   3.7399 2
 -6.0672   4.0381 2
 -5.7344   4.3500 2
 -5.7618   4.6626 2
 -5.8430   4.9656 2
 -5.9756   5.2500 2
 -6.1555   5.5070 2
 -6.3774   5.7289 2
 -6.6344   5.9088 2
 -6.9188   6.0414 2
 -7.2219   6.1227 2
 -7.5344   6.1500 2
 -7.8470   6.1227 2
 -8.1501   6.0414 2
 -8.4344   5.9088 2
 -8.6914   5.7289 2
 -8.9133   5.5070 2
 -9.0933   5.2500 2
 -9.2259   4.9656 2
 -9.3071   4.6626 2
 -9.3344   4.3500 2
 -9.3071   4.0374 2
 -9.2259   3.7344 2
 -9.0933   3.4500 2
 -8.9133   3.1930 2
 -8.6914   2.9711 2
 -8.4344   2.7912 2
 -8.1501   2.6586 2
 -7.8470   2.5773 2
 -7.5344   2.5500 2
 -7.2219   2.5773 2
 -6.9188   2.6586 2
 -6.6344   2.7912 2
 -6.3774   2.9711 2
 -6.1555   3.1930 2
 -5.9756   3.4500 2
 -5.8430   3.7344 2
 -5.7618   4.0374 2
 -5.4344   4.3500 2
 -5.4579   4.6630 2
 -5.5277   4.9690 2
 -5.6424   5.2612 2
 -5.7993   5.5330 2
 -5.9950   5.7784 2
 -6.2251   5.9918 2
 -6.4844   6.1687 2
 -6.7672   6.3048 2
 -7.0671   6.3973 2
 -7.3775   6.4441 2
 -7.6914   6.4441 2
 -8.0017   6.3973 2
 -8.3016   6.3048 2
 -8.5844   6.1687 2
 -8.8437   5.9918 2
 -9.0738   5.7784 2
 -9.2695   5.5330 2
 -9.4265   5.2612 2
 -9.5411   4.9690 2
 -9.6110   4.6630 2
 -9.6344   4.3500 2
 -9.6110   4.0370 2
 -9.5411   3.7310 2
 -9.4265   3.4388 2
 -9.2695   3.1670 2
 -9.0738   2.9216 2
 -8.8437   2.7082 2
 -8.5844   2.5313 2
 -8.3016   2.3952 2
 -8.0017   2.3027 2
 -7.6914   2.2559 2
 -7.3775   2.2559 2
 -7.0671   2.3027 2
 -6.7672   2.3952 2
 -6.4844   2.5313 2
 -6.2251   2.7082 2
 -5.9950   2.9216 2
 -5.7993   3.1670 2
 -5.6424   3.4388 2
 -5.5277   3.7310 2
 -5.4579   4.0370 2
 -5.1344   4.3500 2
 -5.1550   4.6633 2
 -5.2162   4.9712 2
 -5.3171   5.2684 2
 -5.4560   5.5500 2
 -5.6304   5.8110 2
 -5.8374   6.0471 2
 -6.0734   6.2540 2
 -6.3344   6.4285 2
 -6.6160   6.5673 2
 -6.9133   6.6682 2
 -7.2212   6.7295 2
 -7.5344   6.7500 2
 -7.8477   6.7295 2
 -8.1556   6.6682 2
 -8.4529   6.5673 2
 -8.7344   6.4285 2
 -8.9954   6.2540 2
 -9.2315   6.0471 2
 -9.4385   5.8110 2
 -9.6129   5.5500 2
 -9.7517   5.2684 2
 -9.8526   4.9712 2
 -9.9139   4.6633 2
 -9.9344   4.3500 2
 -9.9139   4.0367 2
 -9.8526   3.7288 2
 -9.7517   3.4316 2
 -9.6129   3.1500 2
 -9.4385   2.8890 2
 -9.2315   2.6529 2
 -8.9954   2.4460 2
 -8.7344   2.2715 2
 -8.4529   2.1327 2
 -8.1556   2.0318 2
 -7.8477   1.9705 2
 -7.5344   1.9500 2
 -7.2212   1.9705 2
 -6.9133   2.0318 2
 -6.6160   2.1327 2
 -6.3344   2.2715 2
 -6.0734   2.4460 2
 -5.8374   2.6529 2
 -5.6304   2.8890 2
 -5.4560   3.1500 2
 -5.3171   3.4316 2
 -5.2162   3.7288 2
 -5.1550   4.0367 2
 -4.8344   4.3500 2
 -4.8527   4.6635 2
 -4.9072   4.9727 2
 -4.9973   5.2735 2
 -5.1216   5.5618 2
 -5.2786   5.8337 2
 -5.4661   6.0855 2
 -5.6816   6.3139 2
 -5.9221   6.5157 2
 -6.1844   6.6883 2
 -6.4650   6.8292 2
 -6.7601   6.9366 2
 -7.0656   7.0090 2
 -7.3774   7.0454 2
 -7.6914   7.0454 2
 -8.0033   7.0090 2
 -8.3088   6.9366 2
 -8.6038   6.8292 2
 -8.8844   6.6883 2
 -9.1467   6.5157 2
 -9.3873   6.3139 2
 -9.6027   6.0855 2
 -9.7902   5.8337 2
 -9.9472   5.5618 2
-10.0716   5.2735 2
-10.1616   4.9727 2
-10.2162   4.6635 2
-10.2344   4.3500 2
-10.2162   4.0365 2
-10.1616   3.7273 2
-10.0716   3.4265 2
 -9.9472   3.1382 2
 -9.7902   2.8663 2
 -9.6027   2.6145 2
 -9.3873   2.3861 2
 -9.1467   2.1843 2
 -8.8844   2.0117 2
 -8.6038   1.8708 2
 -8.3088   1.7634 2
 -8.0033   1.6910 2
 -7.6914   1.6546 2
 -7.3774   1.6546 2
 -7.0656   1.6910 2
 -6.7601   1.7634 2
 -6.4650   1.8708 2
 -6.1844   2.0117 2
 -5.9221   2.1843 2
 -5.6816   2.3861 2
 -5.4661   2.6145 2
 -5.2786   2.8663 2
 -5.1216   3.1382 2
 -4.9973   3.4265 2
 -4.9072   3.7273 2
 -4.8527   4.0365 2
 -4.5344   4.3500 2
 -4.5509   4.6636 2
 -4.6000   4.9737 2
 -4.6813   5.2771 2
 -4.7938   5.5702 2
 -4.9363   5.8500 2
 -5.1074   6.1134 2
 -5.3050   6.3574 2
 -5.5270   6.5794 2
 -5.7711   6.7771 2
 -6.0344   6.9481 2
 -6.3142   7.0906 2
 -6.6074   7.2032 2
 -6.9107   7.2844 2
 -7.2208   7.3336 2
 -7.5344   7.3500 2
 -7.8480   7.3336 2
 -8.1582   7.2844 2
 -8.4615   7.2032 2
 -8.7546   7.0906 2
 -9.0344   6.9481 2
 -9.2978   6.7771 2
 -9.5418   6.5794 2
 -9.7639   6.3574 2
 -9.9615   6.1134 2
-10.1325   5.8500 2
-10.2751   5.5702 2
-10.3876   5.2771 2
-10.4689   4.9737 2
-10.5180   4.6636 2
-10.5344   4.3500 2
-10.5180   4.0364 2
-10.4689   3.7263 2
-10.3876   3.4229 2
-10.2751   3.1298 2
-10.1325   2.8500 2
 -9.9615   2.5866 2
 -9.7639   2.3426 2
 -9.5418   2.1206 2
 -9.2978   1.9229 2
 -9.0344   1.7519 2
 -8.7546   1.6094 2
 -8.4615   1.4968 2
 -8.1582   1.4156 2
 -7.8480   1.3664 2
 -7.5344   1.3500 2
 -7.2208   1.3664 2
 -6.9107   1.4156 2
 -6.6074   1.4968 2
 -6.3142   1.6094 2
 -6.0344   1.7519 2
 -5.7711   1.9229 2
 -5.5270   2.1206 2
 -5.3050   2.3426 2
 -5.1074   2.5866 2
 -4.9363   2.8500 2
 -4.7938   3.1298 2
 -4.6813   3.4229 2
 -4.6000   3.7263 2
 -4.5509   4.0364 2
 -4.2344   4.3500 2
 -4.2494   4.6637 2
 -4.2941   4.9745 2
 -4.3681   5.2797 2
 -4.4708   5.5765 2
 -4.6013   5.8621 2
 -4.7583   6.1341 2
 -4.9404   6.3899 2
 -5.1461   6.6273 2
 -5.3734   6.8440 2
 -5.6202   7.0381 2
 -5.8844   7.2079 2
 -6.1636   7.3518 2
 -6.4551   7.4685 2
 -6.7564   7.5570 2
 -7.0648   7.6164 2
 -7.3774   7.6463 2
 -7.6914   7.6463 2
 -8.0041   7.6164 2
 -8.3124   7.5570 2
 -8.6137   7.4685 2
 -8.9053   7.3518 2
 -9.1844   7.2079 2
 -9.4486   7.0381 2
 -9.6955   6.8440 2
 -9.9227   6.6273 2
-10.1284   6.3899 2
-10.3106   6.1341 2
-10.4676   5.8621 2
-10.5980   5.5765 2
-10.7007   5.2797 2
-10.7748   4.9745 2
-10.8195   4.6637 2
-10.8344   4.3500 2
-10.8195   4.0363 2
-10.7748   3.7255 2
-10.7007   3.4203 2
-10.5980   3.1235 2
-10.4676   2.8379 2
-10.3106   2.5659 2
-10.1284   2.3101 2
 -9.9227   2.0727 2
 -9.6955   1.8560 2
 -9.4486   1.6619 2
 -9.1844   1.4921 2
 -8.9053   1.3482 2
 -8.6137   1.2315 2
 -8.3124   1.1430 2
 -8.0041   1.0836 2
 -7.6914   1.0537 2
 -7.3774   1.0537 2
 -7.0648   1.0836 2
 -6.7564   1.1430 2
 -6.4551   1.2315 2
 -6.1636   1.3482 2
 -5.8844   1.4921 2
 -5.6202   1.6619 2
 -5.3734   1.8560 2
 -5.1461   2.0727 2
 -4.9404   2.3101 2
 -4.7583   2.5659 2
 -4.6013   2.8379 2
 -4.4708   3.1235 2
 -4.3681   3.4203 2
 -4.2941   3.7255 2
 -4.2494   4.0363 2
 -3.9344   4.3500 2
 -3.9481   4.6638 2
 -3.9891   4.9751 2
 -4.0571   5.2817 2
 -4.1515   5.5813 2
 -4.2717   5.8714 2
 -4.4167   6.1500 2
 -4.5855   6.4149 2
 -4.7767   6.6640 2
 -4.9888   6.8956 2
 -5.2204   7.1078 2
 -5.4695   7.2989 2
 -5.7344   7.4677 2
 -6.0130   7.6127 2
 -6.3031   7.7329 2
 -6.6027   7.8273 2
 -6.9093   7.8953 2
 -7.2207   7.9363 2
 -7.5344   7.9500 2
 -7.8482   7.9363 2
 -8.1596   7.8953 2
 -8.4662   7.8273 2
 -8.7657   7.7329 2
 -9.0558   7.6127 2
 -9.3344   7.4677 2
 -9.5993   7.2989 2
 -9.8485   7.1078 2
-10.0800   6.8956 2
-10.2922   6.6640 2
-10.4834   6.4149 2
-10.6521   6.1500 2
-10.7971   5.8714 2
-10.9173   5.5813 2
-11.0118   5.2817 2
-11.0797   4.9751 2
-11.1207   4.6638 2
-11.1344   4.3500 2
-11.1207   4.0362 2
-11.0797   3.7249 2
-11.0118   3.4183 2
-10.9173   3.1187 2
-10.7971   2.8286 2
-10.6521   2.5500 2
-10.4834   2.2851 2
-10.2922   2.0360 2
-10.0800   1.8044 2
 -9.8485   1.5922 2
 -9.5993   1.4011 2
 -9.3344   1.2323 2
 -9.0558   1.0873 2
 -8.7657   0.9671 2
 -8.4662   0.8727 2
 -8.1596   0.8047 2
 -7.8482   0.7637 2
 -7.5344   0.7500 2
 -7.2207   0.7637 2
 -6.9093   0.8047 2
 -6.6027   0.8727 2
 -6.3031   0.9671 2
 -6.0130   1.0873 2
 -5.7344   1.2323 2
 -5.4695   1.4011 2
 -5.2204   1.5922 2
 -4.9888   1.8044 2
 -4.7767   2.0360 2
 -4.5855   2.2851 2
 -4.4167   2.5500 2
 -4.2717   2.8286 2
 -4.1515   3.1187 2
 -4.0571   3.4183 2
 -3.9891   3.7249 2
 -3.9481   4.0362 2
 -3.6344   4.3500 2
 -3.6471   4.6638 2
 -3.6849   4.9756 2
 -3.7477   5.2833 2
 -3.8351   5.5850 2
 -3.9465   5.8787 2
 -4.0811   6.1624 2
 -4.2382   6.4344 2
 -4.4166   6.6929 2
 -4.6152   6.9362 2
 -4.8328   7.1627 2
 -5.0679   7.3710 2
 -5.3190   7.5596 2
 -5.5844   7.7275 2
 -5.8625   7.8735 2
 -6.1515   7.9966 2
 -6.4494   8.0960 2
 -6.7543   8.1712 2
 -7.0643   8.2216 2
 -7.3774   8.2468 2
 -7.6915   8.2468 2
 -8.0045   8.2216 2
 -8.3145   8.1712 2
 -8.6195   8.0960 2
 -8.9174   7.9966 2
 -9.2063   7.8735 2
 -9.4844   7.7275 2
 -9.7499   7.5596 2
-10.0010   7.3710 2
-10.2360   7.1627 2
-10.4536   6.9362 2
-10.6522   6.6929 2
-10.8307   6.4344 2
-10.9877   6.1624 2
-11.1223   5.8787 2
-11.2337   5.5850 2
-11.3211   5.2833 2
-11.3839   4.9756 2
-11.4218   4.6638 2
-11.4344   4.3500 2
-11.4218   4.0362 2
-11.3839   3.7244 2
-11.3211   3.4167 2
-11.2337   3.1150 2
-11.1223   2.8213 2
-10.9877   2.5376 2
-10.8307   2.2656 2
-10.6522   2.0071 2
-10.4536   1.7638 2
-10.2360   1.5373 2
-10.0010   1.3290 2
 -9.7499   1.1404 2
 -9.4844   0.9725 2
 -9.2063   0.8265 2
 -8.9174   0.7034 2
 -8.6195   0.6040 2
 -8.3145   0.5288 2
 -8.0045   0.4784 2
 -7.6915   0.4532 2
 -7.3774   0.4532 2
 -7.0643   0.4784 2
 -6.7543   0.5288 2
 -6.4494   0.6040 2
 -6.1515   0.7034 2
 -5.8625   0.8265 2
 -5.5844   0.9725 2
 -5.3190   1.1404 2
 -5.0679   1.3290 2
 -4.8328   1.5373 2
 -4.6152   1.7638 2
 -4.4166   2.0071 2
 -4.2382   2.2656 2
 -4.0811   2.5376 2
 -3.9465   2.8213 2
 -3.8351   3.1150 2
 -3.7477   3.4167 2
 -3.6849   3.7244 2
 -3.6471   4.0362 2
 -3.3344   4.3500 2
 -3.3462   4.6639 2
 -3.3813   4.9760 2
 -3.4397   5.2846 2
 -3.5210   5.5880 2
 -3.6248   5.8844 2
 -3.7504   6.1723 2
 -3.8971   6.4500 2
 -4.0642   6.7159 2
 -4.2507   6.9687 2
 -4.4556   7.2067 2
 -4.6777   7.4288 2
 -4.9158   7.6337 2
 -5.1685   7.8202 2
 -5.4344   7.9873 2
 -5.7121   8.1341 2
 -6.0000   8.2597 2
 -6.2964   8.3634 2
 -6.5998   8.4447 2
 -6.9084   8.5031 2
 -7.2206   8.5383 2
 -7.5344   8.5500 2
 -7.8483   8.5383 2
 -8.1604   8.5031 2
 -8.4690   8.4447 2
 -8.7724   8.3634 2
 -9.0689   8.2597 2
 -9.3567   8.1341 2
 -9.6344   7.9873 2
 -9.9004   7.8202 2
-10.1531   7.6337 2
-10.3911   7.4288 2
-10.6132   7.2067 2
-10.8181   6.9687 2
-11.0046   6.7159 2
-11.1717   6.4500 2
-11.3185   6.1723 2
-11.4441   5.8844 2
-11.5478   5.5880 2
-11.6291   5.2846 2
-11.6875   4.9760 2
-11.7227   4.6639 2
-11.7344   4.3500 2
-11.7227   4.0361 2
-11.6875   3.7240 2
-11.6291   3.4154 2
-11.5478   3.1120 2
-11.4441   2.8156 2
-11.3185   2.5277 2
-11.1717   2.2500 2
-11.0046   1.9841 2
-10.8181   1.7313 2
-10.6132   1.4933 2
-10.3911   1.2712 2
-10.1531   1.0663 2
 -9.9004   0.8798 2
 -9.6344   0.7127 2
 -9.3567   0.5659 2
 -9.0689   0.4403 2
 -8.7724   0.3366 2
 -8.4690   0.2553 2
 -8.1604   0.1969 2
 -7.8483   0.1617 2
 -7.5344   0.1500 2
 -7.2206   0.1617 2
 -6.9084   0.1969 2
 -6.5998   0.2553 2
 -6.2964   0.3366 2
 -6.0000   0.4403 2
 -5.7121   0.5659 2
 -5.4344   0.7127 2
 -5.1685   0.8798 2
 -4.9158   1.0663 2
 -4.6777   1.2712 2
 -4.4556   1.4933 2
 -4.2507   1.7313 2
 -4.0642   1.9841 2
 -3.8971   2.2500 2
 -3.7504   2.5277 2
 -3.6248   2.8156 2
 -3.5210   3.1120 2
 -3.4397   3.4154 2
 -3.3813   3.7240 2
 -3.3462   4.0361 2
 -7.5344   4.3500 2
 -7.2344  -4.3500 3
 -7.3844  -4.0902 3
 -7.6844  -4.0902 3
 -7.8344  -4.3500 3
 -7.6844  -4.6098 3
 -7.3844  -4.6098 3
 -6.9344  -4.3500 3
 -7.0148  -4.0500 3
 -7.2344  -3.8304 3
 -7.5344  -3.7500 3
 -7.8344  -3.8304 3
 -8.0540  -4.0500 3
 -8.1344  -4.3500 3
 -8.0540  -4.6500 3
 -7.8344  -4.8696 3
 -7.5344  -4.9500 3
 -7.2344  -4.8696 3
 -7.0148  -4.6500 3
 -6.6344  -4.3500 3
 -6.6887  -4.0422 3
 -6.8450  -3.7715 3
 -7.0844  -3.5706 3
 -7.3781  -3.4637 3
 -7.6907  -3.4637 3
 -7.9844  -3.5706 3
 -8.2239  -3.7715 3
 -8.3801  -4.0422 3
 -8.4344  -4.3500 3
 -8.3801  -4.6578 3
 -8.2239  -4.9285 3
 -7.9844  -5.1294 3
 -7.6907  -5.2363 3
 -7.3781  -5.2363 3
 -7.0844  -5.1294 3
 -6.8450  -4.9285 3
 -6.6887  -4.6578 3
 -6.3344  -4.3500 3
 -6.3753  -4.0394 3
 -6.4952  -3.7500 3
 -6.6859  -3.5015 3
 -6.9344  -3.3108 3
 -7.2238  -3.1909 3
 -7.5344  -3.1500 3
 -7.8450  -3.1909 3
 -8.1344  -3.3108 3
 -8.3829  -3.5015 3
 -8.5737  -3.7500 3
 -8.6935  -4.0394 3
 -8.7344  -4.3500 3
 -8.6935  -4.6606 3
 -8.5737  -4.9500 3
 -8.3829  -5.1985 3
 -8.1344  -5.3892 3
 -7.8450  -5.5091 3
 -7.5344  -5.5500 3
 -7.2238  -5.5091 3
 -6.9344  -5.3892 3
 -6.6859  -5.1985 3
 -6.4952  -4.9500 3
 -6.3753  -4.6606 3
 -6.0344  -4.3500 3
 -6.0672  -4.0381 3
 -6.1641  -3.7399 3
 -6.3209  -3.4683 3
 -6.5307  -3.2353 3
 -6.7844  -3.0510 3
 -7.0709  -2.9234 3
 -7.3776  -2.8582 3
 -7.6912  -2.8582 3
 -7.9979  -2.9234 3
 -8.2844  -3.0510 3
 -8.5381  -3.2353 3
 -8.7479  -3.4683 3
 -8.9047  -3.7399 3
 -9.0016  -4.0381 3
 -9.0344  -4.3500 3
 -9.0016  -4.6619 3
 -8.9047  -4.9601 3
 -8.7479  -5.2317 3
 -8.5381  -5.4647 3
 -8.2844  -5.6490 3
 -7.9979  -5.7766 3
 -7.6912  -5.8418 3
 -7.3776  -5.8418 3
 -7.0709  -5.7766 3
 -6.7844  -5.6490 3
 -6.5307  -5.4647 3
 -6.3209  -5.2317 3
 -6.1641  -4.9601 3
 -6.0672  -4.6619 3
 -5.7344  -4.3500 3
 -5.7618  -4.0374 3
 -5.8430  -3.7344 3
 -5.9756  -3.4500 3
 -6.1555  -3.1930 3
 -6.3774  -2.9711 3
 -6.6344  -2.7912 3
 -6.9188  -2.6586 3
 -7.2219  -2.5773 3
 -7.5344  -2.5500 3
 -7.8470  -2.5773 3
 -8.1501  -2.6586 3
 -8.4344  -2.7912 3
 -8.6914  -2.9711 3
 -8.9133  -3.1930 3
 -9.0933  -3.4500 3
 -9.2259  -3.7344 3
 -9.3071  -4.0374 3
 -9.3344  -4.3500 3
 -9.3071  -4.6626 3
 -9.2259  -4.9656 3
 -9.0933  -5.2500 3
 -8.9133  -5.5070 3
 -8.6914  -5.7289 3
 -8.4344  -5.9088 3
 -8.1501  -6.0414 3
 -7.8470  -6.1227 3
 -7.5344  -6.1500 3
 -7.2219  -6.1227 3
 -6.9188  -6.0414 3
 -6.6344  -5.9088 3
 -6.3774  -5.7289 3
 -6.1555  -5.5070 3
 -5.9756  -5.2500 3
 -5.8430  -4.9656 3
 -5.7618  -4.6626 3
 -5.4344  -4.3500 3
 -5.4579  -4.0370 3
 -5.5277  -3.7310 3
 -5.6424  -3.4388 3
 -5.7993  -3.1670 3
 -5.9950  -2.9216 3
 -6.2251  -2.7082 3
 -6.4844  -2.5313 3
 -6.7672  -2.3952 3
 -7.0671  -2.3027 3
 -7.3775  -2.2559 3
 -7.6914  -2.2559 3
 -8.0017  -2.3027 3
 -8.3016  -2.3952 3
 -8.5844  -2.5313 3
 -8.8437  -2.7082 3
 -9.0738  -2.9216 3
 -9.2695  -3.1670 3
 -9.4265  -3.4388 3
 -9.5411  -3.7310 3
 -9.6110  -4.0370 3
 -9.6344  -4.3500 3
 -9.6110  -4.6630 3
 -9.5411  -4.9690 3
 -9.4265  -5.2612 3
 -9.2695  -5.5330 3
 -9.0738  -5.7784 3
 -8.8437  -5.9918 3
 -8.5844  -6.1687 3
 -8.3016  -6.3048 3
 -8.0017  -6.3973 3
 -7.6914  -6.4441 3
 -7.3775  -6.4441 3
 -7.0671  -6.3973 3
 -6.7672  -6.3048 3
 -6.4844  -6.1687 3
 -6.2251  -5.9918 3
 -5.9950  -5.7784 3
 -5.7993  -5.5330 3
 -5.6424  -5.2612 3
 -5.5277  -4.9690 3
 -5.4579  -4.6630 3
 -5.1344  -4.3500 3
 -5.1550  -4.0367 3
 -5.2162  -3.7288 3
 -5.3171  -3.4316 3
 -5.4560  -3.1500 3
 -5.6304  -2.8890 3
 -5.8374  -2.6529 3
 -6.0734  -2.4460 3
 -6.3344  -2.2715 3
 -6.6160  -2.1327 3
 -6.9133  -2.0318 3
 -7.2212  -1.9705 3
 -7.5344  -1.9500 3
 -7.8477  -1.9705 3
 -8.1556  -2.0318 3
 -8.4529  -2.1327 3
 -8.7344  -2.2715 3
 -8.9954  -2.4460 3
 -9.2315  -2.6529 3
 -9.4385  -2.8890 3
 -9.6129  -3.1500 3
 -9.7517  -3.4316 3
 -9.8526  -3.7288 3
 -9.9139  -4.0367 3
 -9.9344  -4.3500 3
 -9.9139  -4.6633 3
 -9.8526  -4.9712 3
 -9.7517  -5.2684 3
 -9.6129  -5.5500 3
 -9.4385  -5.8110 3
 -9.2315  -6.0471 3
 -8.9954  -6.2540 3
 -8.7344  -6.4285 3
 -8.4529  -6.5673 3
 -8.1556  -6.6682 3
 -7.8477  -6.7295 3
 -7.5344  -6.7500 3
 -7.2212  -6.7295 3
 -6.9133  -6.6682 3
 -6.6160  -6.5673 3
 -6.3344  -6.4285 3
 -6.0734  -6.2540 3
 -5.8374  -6.0471 3
 -5.6304  -5.8110 3
 -5.4560  -5.5500 3
 -5.3171  -5.2684 3
 -5.2162  -4.9712 3
 -5.1550  -4.6633 3
 -4.8344  -4.3500 3
 -4.8527  -4.0365 3
 -4.9072  -3.7273 3
 -4.9973  -3.4265 3
 -5.1216  -3.1382 3
 -5.2786  -2.8663 3
 -5.4661  -2.6145 3
 -5.6816  -2.3861 3
 -5.9221  -2.1843 3
 -6.1844  -2.0117 3
 -6.4650  -1.8708 3
 -6.7601  -1.7634 3
 -7.0656  -1.6910 3
 -7.3774  -1.6546 3
 -7.6914  -1.6546 3
 -8.0033  -1.6910 3
 -8.3088  -1.7634 3
 -8.6038  -1.8708 3
 -8.8844  -2.0117 3
 -9.1467  -2.1843 3
 -9.3873  -2.3861 3
 -9.6027  -2.6145 3
 -9.7902  -2.8663 3
 -9.9472  -3.1382 3
-10.0716  -3.4265 3
-10.1616  -3.7273 3
-10.2162  -4.0365 3
-10.2344  -4.3500 3
-10.2162  -4.6635 3
-10.1616  -4.9727 3
-10.0716  -5.2735 3
 -9.9472  -5.5618 3
 -9.7902  -5.8337 3
 -9.6027  -6.0855 3
 -9.3873  -6.3139 3
 -9.1467  -6.5157 3
 -8.8844  -6.6883 3
 -8.6038  -6.8292 3
 -8.3088  -6.9366 3
 -8.0033  -7.0090 3
 -7.6914  -7.0454 3
 -7.3774  -7.0454 3
 -7.0656  -7.0090 3
 -6.7601  -6.9366 3
 -6.4650  -6.8292 3
 -6.1844  -6.6883 3
 -5.9221  -6.5157 3
 -5.6816  -6.3139 3
 -5.4661  -6.0855 3
 -5.2786  -5.8337 3
 -5.1216  -5.5618 3
 -4.9973  -5.2735 3
 -4.9072  -4.9727 3
 -4.8527  -4.6635 3
 -4.5344  -4.3500 3
 -4.5509  -4.0364 3
 -4.6000  -3.7263 3
 -4.6813  -3.4229 3
 -4.7938  -3.1298 3
 -4.9363  -2.8500 3
 -5.1074  -2.5866 3
 -5.3050  -2.3426 3
 -5.5270  -2.1206 3
 -5.7711  -1.9229 3
 -6.0344  -1.7519 3
 -6.3142  -1.6094 3
 -6.6074  -1.4968 3
 -6.9107  -1.4156 3
 -7.2208  -1.3664 3
 -7.5344  -1.3500 3
 -7.8480  -1.3664 3
 -8.1582  -1.4156 3
 -8.4615  -1.4968 3
 -8.7546  -1.6094 3
 -9.0344  -1.7519 3
 -9.2978  -1.9229 3
 -9.5418  -2.1206 3
 -9.7639  -2.3426 3
 -9.9615  -2.5866 3
-10.1325  -2.8500 3
-10.2751  -3.1298 3
-10.3876  -3.4229 3
-10.4689  -3.7263 3
-10.5180  -4.0364 3
-10.5344  -4.3500 3
-10.5180  -4.6636 3
-10.4689  -4.9737 3
-10.3876  -5.2771 3
-10.2751  -5.5702 3
-10.1325  -5.8500 3
 -9.9615  -6.1134 3
 -9.7639  -6.3574 3
 -9.5418  -6.5794 3
 -9.2978  -6.7771 3
 -9.0344  -6.9481 3
 -8.7546  -7.0906 3
 -8.4615  -7.2032 3
 -8.1582  -7.2844 3
 -7.8480  -7.3336 3
 -7.5344  -7.3500 3
 -7.2208  -7.3336 3
 -6.9107  -7.2844 3
 -6.6074  -7.2032 3
 -6.3142  -7.0906 3
 -6.0344  -6.9481 3
 -5.7711  -6.7771 3
 -5.5270  -6.5794 3
 -5.3050  -6.3574 3
 -5.1074  -6.1134 3
 -4.9363  -5.8500 3
 -4.7938  -5.5702 3
 -4.6813  -5.2771 3
 -4.6000  -4.9737 3
 -4.5509  -4.6636 3
 -4.2344  -4.3500 3
 -4.2494  -4.0363 3
 -4.2941  -3.7255 3
 -4.3681  -3.4203 3
 -4.4708  -3.1235 3
 -4.6013  -2.8379 3
 -4.7583  -2.5659 3
 -4.9404  -2.3101 3
 -5.1461  -2.0727 3
 -5.3734  -1.8560 3
 -5.6202  -1.6619 3
 -5.8844  -1.4921 3
 -6.1636  -1.3482 3
 -6.4551  -1.2315 3
 -6.7564  -1.1430 3
 -7.0648  -1.0836 3
 -7.3774  -1.0537 3
 -7.6914  -1.0537 3
 -8.0041  -1.0836 3
 -8.3124  -1.1430 3
 -8.6137  -1.2315 3
 -8.9053  -1.3482 3
 -9.1844  -1.4921 3
 -9.4486  -1.6619 3
 -9.6955  -1.8560 3
 -9.9227  -2.0727 3
-10.1284  -2.3101 3
-10.3106  -2.5659 3
-10.4676  -2.8379 3
-10.5980  -3.1235 3
-10.7007  -3.4203 3
-10.7748  -3.7255 3
-10.8195  -4.0363 3
-10.8344  -4.3500 3
-10.8195  -4.6637 3
-10.7748  -4.9745 3
-10.7007  -5.2797 3
-10.5980  -5.5765 3
-10.4676  -5.8621 3
-10.3106  -6.1341 3
-10.1284  -6.3899 3
 -9.9227  -6.6273 3
 -9.6955  -6.8440 3
 -9.4486  -7.0381 3
 -9.1844  -7.2079 3
 -8.9053  -7.3518 3
 -8.6137  -7.4685 3
 -8.3124  -7.5570 3
 -8.0041  -7.6164 3
 -7.6914  -7.6463 3
 -7.3774  -7.6463 3
 -7.0648  -7.6164 3
 -6.7564  -7.5570 3
 -6.4551  -7.4685 3
 -6.1636  -7.3518 3
 -5.8844  -7.2079 3
 -5.6202  -7.0381 3
 -5.3734  -6.8440 3
 -5.1461  -6.6273 3
 -4.9404  -6.3899 3
 -4.7583  -6.1341 3
 -4.6013  -5.8621 3
 -4.4708  -5.5765 3
 -4.3681  -5.2797 3
 -4.2941  -4.9745 3
 -4.2494  -4.6637 3
 -3.9344  -4.3500 3
 -3.9481  -4.0362 3
 -3.9891  -3.7249 3
 -4.0571  -3.4183 3
 -4.1515  -3.1187 3
 -4.2717  -2.8286 3
 -4.4167  -2.5500 3
 -4.5855  -2.2851 3
 -4.7767  -2.0360 3
 -4.9888  -1.8044 3
 -5.2204  -1.5922 3
 -5.4695  -1.4011 3
 -5.7344  -1.2323 3
 -6.0130  -1.0873 3
 -6.3031  -0.9671 3
 -6.6027  -0.8727 3
 -6.9093  -0.8047 3
 -7.2207  -0.7637 3
 -7.5344  -0.7500 3
 -7.8482  -0.7637 3
 -8.1596  -0.8047 3
 -8.4662  -0.8727 3
 -8.7657  -0.9671 3
 -9.0558  -1.0873 3
 -9.3344  -1.2323 3
 -9.5993  -1.4011 3
 -9.8485  -1.5922 3
-10.0800  -1.8044 3
-10.2922  -2.0360 3
-10.4834  -2.2851 3
-10.6521  -2.5500 3
-10.7971  -2.8286 3
-10.9173  -3.1187 3
-11.0118  -3.4183 3
-11.0797  -3.7249 3
-11.1207  -4.0362 3
-11.1344  -4.3500 3
-11.1207  -4.6638 3
-11.0797  -4.9751 3
-11.0118  -5.2817 3
-10.9173  -5.5813 3
-10.7971  -5.8714 3
-10.6521  -6.1500 3
-10.4834  -6.4149 3
-10.2922  -6.6640 3
-10.0800  -6.8956 3
 -9.8485  -7.1078 3
 -9.5993  -7.2989 3
 -9.3344  -7.4677 3
 -9.0558  -7.6127 3
 -8.7657  -7.7329 3
 -8.4662  -7.8273 3
 -8.1596  -7.8953 3
 -7.8482  -7.9363 3
 -7.5344  -7.9500 3
 -7.2207  -7.9363 3
 -6.9093  -7.8953 3
 -6.6027  -7.8273 3
 -6.3031  -7.7329 3
 -6.0130  -7.6127 3
 -5.7344  -7.4677 3
 -5.4695  -7.2989 3
 -5.2204  -7.1078 3
 -4.9888  -6.8956 3
 -4.7767  -6.6640 3
 -4.5855  -6.4149 3
 -4.4167  -6.1500 3
 -4.2717  -5.8714 3
 -4.1515  -5.5813 3
 -4.0571  -5.2817 3
 -3.9891  -4.9751 3
 -3.9481  -4.6638 3
 -3.6344  -4.3500 3
 -3.6471  -4.0362 3
 -3.6849  -3.7244 3
 -3.7477  -3.4167 3
 -3.8351  -3.1150 3
 -3.9465  -2.8213 3
 -4.0811  -2.5376 3
 -4.2382  -2.2656 3
 -4.4166  -2.0071 3
 -4.6152  -1.7638 3
 -4.8328  -1.5373 3
 -5.0679  -1.3290 3
 -5.3190  -1.1404 3
 -5.5844  -0.9725 3
 -5.8625  -0.8265 3
 -6.1515  -0.7034 3
 -6.4494  -0.6040 3
 -6.7543  -0.5288 3
 -7.0643  -0.4784 3
 -7.3774  -0.4532 3
 -7.6915  -0.4532 3
 -8.0045  -0.4784 3
 -8.3145  -0.5288 3
 -8.6195  -0.6040 3
 -8.9174  -0.7034 3
 -9.2063  -0.8265 3
 -9.4844  -0.9725 3
 -9.7499  -1.1404 3
-10.0010  -1.3290 3
-10.2360  -1.5373 3
-10.4536  -1.7638 3
-10.6522  -2.0071 3
-10.8307  -2.2656 3
-10.9877  -2.5376 3
-11.1223  -2.8213 3
-11.2337  -3.1150 3
-11.3211  -3.4167 3
-11.3839  -3.7244 3
-11.4218  -4.0362 3
-11.4344  -4.3500 3
-11.4218  -4.6638 3
-11.3839  -4.9756 3
-11.3211  -5.2833 3
-11.2337  -5.5850 3
-11.1223  -5.8787 3
-10.9877  -6.1624 3
-10.8307  -6.4344 3
-10.6522  -6.6929 3
-10.4536  -6.9362 3
-10.2360  -7.1627 3
-10.0010  -7.3710 3
 -9.7499  -7.5596 3
 -9.4844  -7.7275 3
 -9.2063  -7.8735 3
 -8.9174  -7.9966 3
 -8.6195  -8.0960 3
 -8.3145  -8.1712 3
 -8.0045  -8.2216 3
 -7.6915  -8.2468 3
 -7.3774  -8.2468 3
 -7.0643  -8.2216 3
 -6.7543  -8.1712 3
 -6.4494  -8.0960 3
 -6.1515  -7.9966 3
 -5.8625  -7.8735 3
 -5.5844  -7.7275 3
 -5.3190  -7.5596 3
 -5.0679  -7.3710 3
 -4.8328  -7.1627 3
 -4.6152  -6.9362 3
 -4.4166  -6.6929 3
 -4.2382  -6.4344 3
 -4.0811  -6.1624 3
 -3.9465  -5.8787 3
 -3.8351  -5.5850 3
 -3.7477  -5.2833 3
 -3.6849  -4.9756 3
 -3.6471  -4.6638 3
 -3.3344  -4.3500 3
 -3.3462  -4.0361 3
 -3.3813  -3.7240 3
 -3.4397  -3.4154 3
 -3.5210  -3.1120 3
 -3.6248  -2.8156 3
 -3.7504  -2.5277 3
 -3.8971  -2.2500 3
 -4.0642  -1.9841 3
 -4.2507  -1.7313 3
 -4.4556  -1.4933 3
 -4.6777  -1.2712 3
 -4.9158  -1.0663 3
 -5.1685  -0.8798 3
 -5.4344  -0.7127 3
 -5.7121  -0.5659 3
 -6.0000  -0.4403 3
 -6.2964  -0.3366 3
 -6.5998  -0.2553 3
 -6.9084  -0.1969 3
 -7.2206  -0.1617 3
 -7.5344  -0.1500 3
 -7.8483  -0.1617 3
 -8.1604  -0.1969 3
 -8.4690  -0.2553 3
 -8.7724  -0.3366 3
 -9.0689  -0.4403 3
 -9.3567  -0.5659 3
 -9.6344  -0.7127 3
 -9.9004  -0.8798 3
-10.1531  -1.0663 3
-10.3911  -1.2712 3
-10.6132  -1.4933 3
-10.8181  -1.7313 3
-11.0046  -1.9841 3
-11.1717  -2.2500 3
-11.3185  -2.5277 3
-11.4441  -2.8156 3
-11.5478  -3.1120 3
-11.6291  -3.4154 3
-11.6875  -3.7240 3
-11.7227  -4.0361 3
-11.7344  -4.3500 3
-11.7227  -4.6639 3
-11.6875  -4.9760 3
-11.6291  -5.2846 3
-11.5478  -5.5880 3
-11.4441  -5.8844 3
-11.3185  -6.1723 3
-11.1717  -6.4500 3
-11.0046  -6.7159 3
-10.8181  -6.9687 3
-10.6132  -7.2067 3
-10.3911  -7.4288 3
-10.1531  -7.6337 3
 -9.9004  -7.8202 3
 -9.6344  -7.9873 3
 -9.3567  -8.1341 3
 -9.0689  -8.2597 3
 -8.7724  -8.3634 3
 -8.4690  -8.4447 3
 -8.1604  -8.5031 3
 -7.8483  -8.5383 3
 -7.5344  -8.5500 3
 -7.2206  -8.5383 3
 -6.9084  -8.5031 3
 -6.5998  -8.4447 3
 -6.2964  -8.3634 3
 -6.0000  -8.2597 3
 -5.7121  -8.1341 3
 -5.4344  -7.9873 3
 -5.1685  -7.8202 3
 -4.9158  -7.6337 3
 -4.6777  -7.4288 3
 -4.4556  -7.2067 3
 -4.2507  -6.9687 3
 -4.0642  -6.7159 3
 -3.8971  -6.4500 3
 -3.7504  -6.1723 3
 -3.6248  -5.8844 3
 -3.5210  -5.5880 3
 -3.4397  -5.2846 3
 -3.3813  -4.9760 3
 -3.3462  -4.6639 3
 -7.5344  -4.3500 3
  0.3000  -8.7000 4
  0.1500  -8.4402 4
 -0.1500  -8.4402 4
 -0.3000  -8.7000 4
 -0.1500  -8.9598 4
  0.1500  -8.9598 4
  0.6000  -8.7000 4
  0.5196  -8.4000 4
  0.3000  -8.1804 4
 -0.0000  -8.1000 4
 -0.3000  -8.1804 4
 -0.5196  -8.4000 4
 -0.6000  -8.7000 4
 -0.5196  -9.0000 4
 -0.3000  -9.2196 4
 -0.0000  -9.3000 4
  0.3000  -9.2196 4
  0.5196  -9.0000 4
  0.9000  -8.7000 4
  0.8457  -8.3922 4
  0.6894  -8.1215 4
  0.4500  -7.9206 4
  0.1563  -7.8137 4
 -0.1563  -7.8137 4
 -0.4500  -7.9206 4
 -0.6894  -8.1215 4
 -0.8457  -8.3922 4
 -0.9000  -8.7000 4
 -0.8457  -9.0078 4
 -0.6894  -9.2785 4
 -0.4500  -9.4794 4
 -0.1563  -9.5863 4
  0.1563  -9.5863 4
  0.4500  -9.4794 4
  0.6894  -9.2785 4
  0.8457  -9.0078 4
  1.2000  -8.7000 4
  1.1591  -8.3894 4
  1.0392  -8.1000 4
  0.8485  -7.8515 4
  0.6000  -7.6608 4
  0.3106  -7.5409 4
 -0.0000  -7.5000 4
 -0.3106  -7.5409 4
 -0.6000  -7.6608 4
 -0.8485  -7.8515 4
 -1.0392  -8.1000 4
 -1.1591  -8.3894 4
 -1.2000  -8.7000 4
 -1.1591  -9.0106 4
 -1.0392  -9.3000 4
 -0.8485  -9.5485 4
 -0.6000  -9.7392 4
 -0.3106  -9.8591 4
 -0.0000  -9.9000 4
  0.3106  -9.8591 4
  0.6000  -9.7392 4
  0.8485  -9.5485 4
  1.0392  -9.3000 4
  1.1591  -9.0106 4
  1.5000  -8.7000 4
  1.4672  -8.3881 4
  1.3703  -8.0899 4
  1.2135  -7.8183 4
  1.0037  -7.5853 4
  0.7500  -7.4010 4
  0.4635  -7.2734 4
  0.1568  -7.2082 4
 -0.1568  -7.2082 4
 -0.4635  -7.2734 4
 -0.7500  -7.4010 4
 -1.0037  -7.5853 4
 -1.2135  -7.8183 4
 -1.3703  -8.0899 4
 -1.4672  -8.3881 4
 -1.5000  -8.7000 4
 -1.4672  -9.0119 4
 -1.3703  -9.3101 4
 -1.2135  -9.5817 4
 -1.0037  -9.8147 4
 -0.7500  -9.9990 4
 -0.4635 -10.1266 4
 -0.1568 -10.1918 4
  0.1568 -10.1918 4
  0.4635 -10.1266 4
  0.7500  -9.9990 4
  1.0037  -9.8147 4
  1.2135  -9.5817 4
  1.3703  -9.3101 4
  1.4672  -9.0119 4
  1.8000  -8.7000 4
  1.7727  -8.3874 4
  1.6914  -8.0844 4
  1.5588  -7.8000 4
  1.3789  -7.5430 4
  1.1570  -7.3211 4
  0.9000  -7.1412 4
  0.6156  -7.0086 4
  0.3126  -6.9273 4
 -0.0000  -6.9000 4
 -0.3126  -6.9273 4
 -0.6156  -7.0086 4
 -0.9000  -7.1412 4
 -1.1570  -7.3211 4
 -1.3789  -7.5430 4
 -1.5588  -7.8000 4
 -1.6914  -8.0844 4
 -1.7727  -8.3874 4
 -1.8000  -8.7000 4
 -1.7727  -9.0126 4
 -1.6914  -9.3156 4
 -1.5588  -9.6000 4
 -1.3789  -9.8570 4
 -1.1570 -10.0789 4
 -0.9000 -10.2588 4
 -0.6156 -10.3914 4
 -0.3126 -10.4727 4
 -0.0000 -10.5000 4
  0.3126 -10.4727 4
  0.6156 -10.3914 4
  0.9000 -10.2588 4
  1.1570 -10.0789 4
  1.3789  -9.8570 4
  1.5588  -9.6000 4
  1.6914  -9.3156 4
  1.7727  -9.0126 4
  2.1000  -8.7000 4
  2.0765  -8.3870 4
  2.0067  -8.0810 4
  1.8920  -7.7888 4
  1.7351  -7.5170 4
  1.5394  -7.2716 4
  1.3093  -7.0582 4
  1.0500  -6.8813 4
  0.7672  -6.7452 4
  0.4673  -6.6527 4
  0.1569  -6.6059 4
 -0.1569  -6.6059 4
 -0.4673  -6.6527 4
 -0.7672  -6.7452 4
 -1.0500  -6.8813 4
 -1.3093  -7.0582 4
 -1.5394  -7.2716 4
 -1.7351  -7.5170 4
 -1.8920  -7.7888 4
 -2.0067  -8.0810 4
 -2.0765  -8.3870 4
 -2.1000  -8.7000 4
 -2.0765  -9.0130 4
 -2.0067  -9.3190 4
 -1.8920  -9.6112 4
 -1.7351  -9.8830 4
 -1.5394 -10.1284 4
 -1.3093 -10.3418 4
 -1.0500 -10.5187 4
 -0.7672 -10.6548 4
 -0.4673 -10.7473 4
 -0.1569 -10.7941 4
  0.1569 -10.7941 4
  0.4673 -10.7473 4
  0.7672 -10.6548 4
  1.0500 -10.5187 4
  1.3093 -10.3418 4
  1.5394 -10.1284 4
  1.7351  -9.8830 4
  1.8920  -9.6112 4
  2.0067  -9.3190 4
  2.0765  -9.0130 4
  2.4000  -8.7000 4
  2.3795  -8.3867 4
  2.3182  -8.0788 4
  2.2173  -7.7816 4
  2.0785  -7.5000 4
  1.9040  -7.2390 4
  1.6971  -7.0029 4
  1.4610  -6.7960 4
  1.2000  -6.6215 4
  0.9184  -6.4827 4
  0.6212  -6.3818 4
  0.3133  -6.3205 4
 -0.0000  -6.3000 4
 -0.3133  -6.3205 4
 -0.6212  -6.3818 4
 -0.9184  -6.4827 4
 -1.2000  -6.6215 4
 -1.4610  -6.7960 4
 -1.6971  -7.0029 4
 -1.9040  -7.2390 4
 -2.0785  -7.5000 4
 -2.2173  -7.7816 4
 -2.3182  -8.0788 4
 -2.3795  -8.3867 4
 -2.4000  -8.7000 4
 -2.3795  -9.0133 4
 -2.3182  -9.3212 4
 -2.2173  -9.6184 4
 -2.0785  -9.9000 4
 -1.9040 -10.1610 4
 -1.6971 -10.3971 4
 -1.4610 -10.6040 4
 -1.2000 -10.7785 4
 -0.9184 -10.9173 4
 -0.6212 -11.0182 4
 -0.3133 -11.0795 4
 -0.0000 -11.1000 4
  0.3133 -11.0795 4
  0.6212 -11.0182 4
  0.9184 -10.9173 4
  1.2000 -10.7785 4
  1.4610 -10.6040 4
  1.6971 -10.3971 4
  1.9040 -10.1610 4
  2.0785  -9.9000 4
  2.2173  -9.6184 4
  2.3182  -9.3212 4
  2.3795  -9.0133 4
  2.7000  -8.7000 4
  2.6817  -8.3865 4
  2.6272  -8.0773 4
  2.5372  -7.7765 4
  2.4128  -7.4882 4
  2.2558  -7.2163 4
  2.0683  -6.9645 4
  1.8529  -6.7361 4
  1.6123  -6.5343 4
  1.3500  -6.3617 4
  1.0694  -6.2208 4
  0.7744  -6.1134 4
  0.4689  -6.0410 4
  0.1570  -6.0046 4
 -0.1570  -6.0046 4
 -0.4689  -6.0410 4
 -0.7744  -6.1134 4
 -1.0694  -6.2208 4
 -1.3500  -6.3617 4
 -1.6123  -6.5343 4
 -1.8529  -6.7361 4
 -2.0683  -6.9645 4
 -2.2558  -7.2163 4
 -2.4128  -7.4882 4
 -2.5372  -7.7765 4
 -2.6272  -8.0773 4
 -2.6817  -8.3865 4
 -2.7000  -8.7000 4
 -2.6817  -9.0135 4
 -2.6272  -9.3227 4
 -2.5372  -9.6235 4
 -2.4128  -9.9118 4
 -2.2558 -10.1837 4
 -2.0683 -10.4355 4
 -1.8529 -10.6639 4
 -1.6123 -10.8657 4
 -1.3500 -11.0383 4
 -1.0694 -11.1792 4
 -0.7744 -11.2866 4
 -0.4689 -11.3590 4
 -0.1570 -11.3954 4
  0.1570 -11.3954 4
  0.4689 -11.3590 4
  0.7744 -11.2866 4
  1.0694 -11.1792 4
  1.3500 -11.0383 4
  1.6123 -10.8657 4
  1.8529 -10.6639 4
  2.0683 -10.4355 4
  2.2558 -10.1837 4
  2.4128  -9.9118 4
  2.5372  -9.6235 4
  2.6272  -9.3227 4
  2.6817  -9.0135 4
  3.0000  -8.7000 4
  2.9836  -8.3864 4
  2.9344  -8.0763 4
  2.8532  -7.7729 4
  2.7406  -7.4798 4
  2.5981  -7.2000 4
  2.4271  -6.9366 4
  2.2294  -6.6926 4
  2.0074  -6.4706 4
  1.7634  -6.2729 4
  1.5000  -6.1019 4
  1.2202  -5.9594 4
  0.9271  -5.8468 4
  0.6237  -5.7656 4
  0.3136  -5.7164 4
 -0.0000  -5.7000 4
 -0.3136  -5.7164 4
 -0.6237  -5.7656 4
 -0.9271  -5.8468 4
 -1.2202  -5.9594 4
 -1.5000  -6.1019 4
 -1.7634  -6.2729 4
 -2.0074  -6.4706 4
 -2.2294  -6.6926 4
 -2.4271  -6.9366 4
 -2.5981  -7.2000 4
 -2.7406  -7.4798 4
 -2.8532  -7.7729 4
 -2.9344  -8.0763 4
 -2.9836  -8.3864 4
 -3.0000  -8.7000 4
 -2.9836  -9.0136 4
 -2.9344  -9.3237 4
 -2.8532  -9.6271 4
 -2.7406  -9.9202 4
 -2.5981 -10.2000 4
 -2.4271 -10.4634 4
 -2.2294 -10.7074 4
 -2.0074 -10.9294 4
 -1.7634 -11.1271 4
 -1.5000 -11.2981 4
 -1.2202 -11.4406 4
 -0.9271 -11.5532 4
 -0.6237 -11.6344 4
 -0.3136 -11.6836 4
 -0.0000 -11.7000 4
  0.3136 -11.6836 4
  0.6237 -11.6344 4
  0.9271 -11.5532 4
  1.2202 -11.4406 4
  1.5000 -11.2981 4
  1.7634 -11.1271 4
  2.0074 -10.9294 4
  2.2294 -10.7074 4
  2.4271 -10.4634 4
  2.5981 -10.2000 4
  2.7406  -9.9202 4
  2.8532  -9.6271 4
  2.9344  -9.3237 4
  2.9836  -9.0136 4
  3.3000  -8.7000 4
  3.2851  -8.3863 4
  3.2404  -8.0755 4
  3.1663  -7.7703 4
  3.0636  -7.4735 4
  2.9332  -7.1879 4
  2.7761  -6.9159 4
  2.5940  -6.6601 4
  2.3883  -6.4227 4
  2.1610  -6.2060 4
  1.9142  -6.0119 4
  1.6500  -5.8421 4
  1.3709  -5.6982 4
  1.0793  -5.5815 4
  0.7780  -5.4930 4
  0.4696  -5.4336 4
  0.1570  -5.4037 4
 -0.1570  -5.4037 4
 -0.4696  -5.4336 4
 -0.7780  -5.4930 4
 -1.0793  -5.5815 4
 -1.3709  -5.6982 4
 -1.6500  -5.8421 4
 -1.9142  -6.0119 4
 -2.1610  -6.2060 4
 -2.3883  -6.4227 4
 -2.5940  -6.6601 4
 -2.7761  -6.9159 4
 -2.9332  -7.1879 4
 -3.0636  -7.4735 4
 -3.1663  -7.7703 4
 -3.2404  -8.0755 4
 -3.2851  -8.3863 4
 -3.3000  -8.7000 4
 -3.2851  -9.0137 4
 -3.2404  -9.3245 4
 -3.1663  -9.6297 4
 -3.0636  -9.9265 4
 -2.9332 -10.2121 4
 -2.7761 -10.4841 4
 -2.5940 -10.7399 4
 -2.3883 -10.9773 4
 -2.1610 -11.1940 4
 -1.9142 -11.3881 4
 -1.6500 -11.5579 4
 -1.3709 -11.7018 4
 -1.0793 -11.8185 4
 -0.7780 -11.9070 4
 -0.4696 -11.9664 4
 -0.1570 -11.9963 4
  0.1570 -11.9963 4
  0.4696 -11.9664 4
  0.7780 -11.9070 4
  1.0793 -11.8185 4
  1.3709 -11.7018 4
  1.6500 -11.5579 4
  1.9142 -11.3881 4
  2.1610 -11.1940 4
  2.3883 -10.9773 4
  2.5940 -10.7399 4
  2.7761 -10.4841 4
  2.9332 -10.2121 4
  3.0636  -9.9265 4
  3.1663  -9.6297 4
  3.2404  -9.3245 4
  3.2851  -9.0137 4
  3.6000  -8.7000 4
  3.5863  -8.3862 4
  3.5453  -8.0749 4
  3.4773  -7.7683 4
  3.3829  -7.4687 4
  3.2627  -7.1786 4
  3.1177  -6.9000 4
  2.9489  -6.6351 4
  2.7578  -6.3860 4
  2.5456  -6.1544 4
  2.3140  -5.9422 4
  2.0649  -5.7511 4
  1.8000  -5.5823 4
  1.5214  -5.4373 4
  1.2313  -5.3171 4
  0.9317  -5.2227 4
  0.6251  -5.1547 4
  0.3138  -5.1137 4
 -0.0000  -5.1000 4
 -0.3138  -5.1137 4
 -0.6251  -5.1547 4
 -0.9317  -5.2227 4
 -1.2313  -5.3171 4
 -1.5214  -5.4373 4
 -1.8000  -5.5823 4
 -2.0649  -5.7511 4
 -2.3140  -5.9422 4
 -2.5456  -6.1544 4
 -2.7578  -6.3860 4
 -2.9489  -6.6351 4
 -3.1177  -6.9000 4
 -3.2627  -7.1786 4
 -3.3829  -7.4687 4
 -3.4773  -7.7683 4
 -3.5453  -8.0749 4
 -3.5863  -8.3862 4
 -3.6000  -8.7000 4
 -3.5863  -9.0138 4
 -3.5453  -9.3251 4
 -3.4773  -9.6317 4
 -3.3829  -9.9313 4
 -3.2627 -10.2214 4
 -3.1177 -10.5000 4
 -2.9489 -10.7649 4
 -2.7578 -11.0140 4
 -2.5456 -11.2456 4
 -2.3140 -11.4578 4
 -2.0649 -11.6489 4
 -1.8000 -11.8177 4
 -1.5214 -11.9627 4
 -1.2313 -12.0829 4
 -0.9317 -12.1773 4
 -0.6251 -12.2453 4
 -0.3138 -12.2863 4
 -0.0000 -12.3000 4
  0.3138 -12.2863 4
  0.6251 -12.2453 4
  0.9317 -12.1773 4
  1.2313 -12.0829 4
  1.5214 -11.9627 4
  1.8000 -11.8177 4
  2.0649 -11.6489 4
  2.3140 -11.4578 4
  2.5456 -11.2456 4
  2.7578 -11.0140 4
  2.9489 -10.7649 4
  3.1177 -10.5000 4
  3.2627 -10.2214 4
  3.3829  -9.9313 4
  3.4773  -9.6317 4
  3.5453  -9.3251 4
  3.5863  -9.0138 4
  3.9000  -8.7000 4
  3.8874  -8.3862 4
  3.8495  -8.0744 4
  3.7867  -7.7667 4
  3.6993  -7.4650 4
  3.5879  -7.1713 4
  3.4533  -6.8876 4
  3.2962  -6.6156 4
  3.1178  -6.3571 4
  2.9192  -6.1138 4
  2.7016  -5.8873 4
  2.4665  -5.6790 4
  2.2155  -5.4904 4
  1.9500  -5.3225 4
  1.6719  -5.1765 4
  1.3830  -5.0534 4
  1.0850  -4.9540 4
  0.7801  -4.8788 4
  0.4701  -4.8284 4
  0.1570  -4.8032 4
 -0.1570  -4.8032 4
 -0.4701  -4.8284 4
 -0.7801  -4.8788 4
 -1.0850  -4.9540 4
 -1.3830  -5.0534 4
 -1.6719  -5.1765 4
 -1.9500  -5.3225 4
 -2.2155  -5.4904 4
 -2.4665  -5.6790 4
 -2.7016  -5.8873 4
 -2.9192  -6.1138 4
 -3.1178  -6.3571 4
 -3.2962  -6.6156 4
 -3.4533  -6.8876 4
 -3.5879  -7.1713 4
 -3.6993  -7.4650 4
 -3.7867  -7.7667 4
 -3.8495  -8.0744 4
 -3.8874  -8.3862 4
 -3.9000  -8.7000 4
 -3.8874  -9.0138 4
 -3.8495  -9.3256 4
 -3.7867  -9.6333 4
 -3.6993  -9.9350 4
 -3.5879 -10.2287 4
 -3.4533 -10.5124 4
 -3.2962 -10.7844 4
 -3.1178 -11.0429 4
 -2.9192 -11.2862 4
 -2.7016 -11.5127 4
 -2.4665 -11.7210 4
 -2.2155 -11.9096 4
 -1.9500 -12.0775 4
 -1.6719 -12.2235 4
 -1.3830 -12.3466 4
 -1.0850 -12.4460 4
 -0.7801 -12.5212 4
 -0.4701 -12.5716 4
 -0.1570 -12.5968 4
  0.1570 -12.5968 4
  0.4701 -12.5716 4
  0.7801 -12.5212 4
  1.0850 -12.4460 4
  1.3830 -12.3466 4
  1.6719 -12.2235 4
  1.9500 -12.0775 4
  2.2155 -11.9096 4
  2.4665 -11.7210 4
  2.7016 -11.5127 4
  2.9192 -11.2862 4
  3.1178 -11.0429 4
  3.2962 -10.7844 4
  3.4533 -10.5124 4
  3.5879 -10.2287 4
  3.6993  -9.9350 4
  3.7867  -9.6333 4
  3.8495  -9.3256 4
  3.8874  -9.0138 4
  4.2000  -8.7000 4
  4.1883  -8.3861 4
  4.1531  -8.0740 4
  4.0947  -7.7654 4
  4.0134  -7.4620 4
  3.9097  -7.1656 4
  3.7841  -6.8777 4
  3.6373  -6.6000 4
  3.4702  -6.3341 4
  3.2837  -6.0813 4
  3.0788  -5.8433 4
  2.8567  -5.6212 4
  2.6187  -5.4163 4
  2.3659  -5.2298 4
  2.1000  -5.0627 4
  1.8223  -4.9159 4
  1.5344  -4.7903 4
  1.2380  -4.6866 4
  0.9346  -4.6053 4
  0.6260  -4.5469 4
  0.3139  -4.5117 4
 -0.0000  -4.5000 4
 -0.3139  -4.5117 4
 -0.6260  -4.5469 4
 -0.9346  -4.6053 4
 -1.2380  -4.6866 4
 -1.5344  -4.7903 4
 -1.8223  -4.9159 4
 -2.1000  -5.0627 4
 -2.3659  -5.2298 4
 -2.6187  -5.4163 4
 -2.8567  -5.6212 4
 -3.0788  -5.8433 4
 -3.2837  -6.0813 4
 -3.4702  -6.3341 4
 -3.6373  -6.6000 4
 -3.7841  -6.8777 4
 -3.9097  -7.1656 4
 -4.0134  -7.4620 4
 -4.0947  -7.7654 4
 -4.1531  -8.0740 4
 -4.1883  -8.3861 4
 -4.2000  -8.7000 4
 -4.1883  -9.0139 4
 -4.1531  -9.3260 4
 -4.0947  -9.6346 4
 -4.0134  -9.9380 4
 -3.9097 -10.2344 4
 -3.7841 -10.5223 4
 -3.6373 -10.8000 4
 -3.4702 -11.0659 4
 -3.2837 -11.3187 4
 -3.0788 -11.5567 4
 -2.8567 -11.7788 4
 -2.6187 -11.9837 4
 -2.3659 -12.1702 4
 -2.1000 -12.3373 4
 -1.8223 -12.4841 4
 -1.5344 -12.6097 4
 -1.2380 -12.7134 4
 -0.9346 -12.7947 4
 -0.6260 -12.8531 4
 -0.3139 -12.8883 4
 -0.0000 -12.9000 4
  0.3139 -12.8883 4
  0.6260 -12.8531 4
  0.9346 -12.7947 4
  1.2380 -12.7134 4
  1.5344 -12.6097 4
  1.8223 -12.4841 4
  2.1000 -12.3373 4
  2.3659 -12.1702 4
  2.6187 -11.9837 4
  2.8567 -11.7788 4
  3.0788 -11.5567 4
  3.2837 -11.3187 4
  3.4702 -11.0659 4
  3.6373 -10.8000 4
  3.7841 -10.5223 4
  3.9097 -10.2344 4
  4.0134  -9.9380 4
  4.0947  -9.6346 4
  4.1531  -9.3260 4
  4.1883  -9.0139 4
 -0.0000  -8.7000 4
  7.8344  -4.3500 5
  7.6844  -4.0902 5
  7.3844  -4.0902 5
  7.2344  -4.3500 5
  7.3844  -4.6098 5
  7.6844  -4.6098 5
  8.1344  -4.3500 5
  8.0540  -4.0500 5
  7.8344  -3.8304 5
  7.5344  -3.7500 5
  7.2344  -3.8304 5
  7.0148  -4.0500 5
  6.9344  -4.3500 5
  7.0148  -4.6500 5
  7.2344  -4.8696 5
  7.5344  -4.9500 5
  7.8344  -4.8696 5
  8.0540  -4.6500 5
  8.4344  -4.3500 5
  8.3801  -4.0422 5
  8.2239  -3.7715 5
  7.9844  -3.5706 5
  7.6907  -3.4637 5
  7.3781  -3.4637 5
  7.0844  -3.5706 5
  6.8450  -3.7715 5
  6.6887  -4.0422 5
  6.6344  -4.3500 5
  6.6887  -4.6578 5
  6.8450  -4.9285 5
  7.0844  -5.1294 5
  7.3781  -5.2363 5
  7.6907  -5.2363 5
  7.9844  -5.1294 5
  8.2239  -4.9285 5
  8.3801  -4.6578 5
  8.7344  -4.3500 5
  8.6935  -4.0394 5
  8.5737  -3.7500 5
  8.3829  -3.5015 5
  8.1344  -3.3108 5
  7.8450  -3.1909 5
  7.5344  -3.1500 5
  7.2238  -3.1909 5
  6.9344  -3.3108 5
  6.6859  -3.5015 5
  6.4952  -3.7500 5
  6.3753  -4.0394 5
  6.3344  -4.3500 5
  6.3753  -4.6606 5
  6.4952  -4.9500 5
  6.6859  -5.1985 5
  6.9344  -5.3892 5
  7.2238  -5.5091 5
  7.5344  -5.5500 5
  7.8450  -5.5091 5
  8.1344  -5.3892 5
  8.3829  -5.1985 5
  8.5737  -4.9500 5
  8.6935  -4.6606 5
  9.0344  -4.3500 5
  9.0016  -4.0381 5
  8.9047  -3.7399 5
  8.7479  -3.4683 5
  8.5381  -3.2353 5
  8.2844  -3.0510 5
  7.9979  -2.9234 5
  7.6912  -2.8582 5
  7.3776  -2.8582 5
  7.0709  -2.9234 5
  6.7844  -3.0510 5
  6.5307  -3.2353 5
  6.3209  -3.4683 5
  6.1641  -3.7399 5
  6.0672  -4.0381 5
  6.0344  -4.3500 5
  6.0672  -4.6619 5
  6.1641  -4.9601 5
  6.3209  -5.2317 5
  6.5307  -5.4647 5
  6.7844  -5.6490 5
  7.0709  -5.7766 5
  7.3776  -5.8418 5
  7.6912  -5.8418 5
  7.9979  -5.7766 5
  8.2844  -5.6490 5
  8.5381  -5.4647 5
  8.7479  -5.2317 5
  8.9047  -4.9601 5
  9.0016  -4.6619 5
  9.3344  -4.3500 5
  9.3071  -4.0374 5
  9.2259  -3.7344 5
  9.0933  -3.4500 5
  8.9133  -3.1930 5
  8.6914  -2.9711 5
  8.4344  -2.7912 5
  8.1501  -2.6586 5
  7.8470  -2.5773 5
  7.5344  -2.5500 5
  7.2219  -2.5773 5
  6.9188  -2.6586 5
  6.6344  -2.7912 5
  6.3774  -2.9711 5
  6.1555  -3.1930 5
  5.9756  -3.4500 5
  5.8430  -3.7344 5
  5.7618  -4.0374 5
  5.7344  -4.3500 5
  5.7618  -4.6626 5
  5.8430  -4.9656 5
  5.9756  -5.2500 5
  6.1555  -5.5070 5
  6.3774  -5.7289 5
  6.6344  -5.9088 5
  6.9188  -6.0414 5
  7.2219  -6.1227 5
  7.5344  -6.1500 5
  7.8470  -6.1227 5
  8.1501  -6.0414 5
  8.4344  -5.9088 5
  8.6914  -5.7289 5
  8.9133  -5.5070 5
  9.0933  -5.2500 5
  9.2259  -4.9656 5
  9.3071  -4.6626 5
  9.6344  -4.3500 5
  9.6110  -4.0370 5
  9.5411  -3.7310 5
  9.4265  -3.4388 5
  9.2695  -3.1670 5
  9.0738  -2.9216 5
  8.8437  -2.7082 5
  8.5844  -2.5313 5
  8.3016  -2.3952 5
  8.0017  -2.3027 5
  7.6914  -2.2559 5
  7.3775  -2.2559 5
  7.0671  -2.3027 5
  6.7672  -2.3952 5
  6.4844  -2.5313 5
  6.2251  -2.7082 5
  5.9950  -2.9216 5
  5.7993  -3.1670 5
  5.6424  -3.4388 5
  5.5277  -3.7310 5
  5.4579  -4.0370 5
  5.4344  -4.3500 5
  5.4579  -4.6630 5
  5.5277  -4.9690 5
  5.6424  -5.2612 5
  5.7993  -5.5330 5
  5.9950  -5.7784 5
  6.2251  -5.9918 5
  6.4844  -6.1687 5
  6.7672  -6.3048 5
  7.0671  -6.3973 5
  7.3775  -6.4441 5
  7.6914  -6.4441 5
  8.0017  -6.3973 5
  8.3016  -6.3048 5
  8.5844  -6.1687 5
  8.8437  -5.9918 5
  9.0738  -5.7784 5
  9.2695  -5.5330 5
  9.4265  -5.2612 5
  9.5411  -4.9690 5
  9.6110  -4.6630 5
  9.9344  -4.3500 5
  9.9139  -4.0367 5
  9.8526  -3.7288 5
  9.7517  -3.4316 5
  9.6129  -3.1500 5
  9.4385  -2.8890 5
  9.2315  -2.6529 5
  8.9954  -2.4460 5
  8.7344  -2.2715 5
  8.4529  -2.1327 5
  8.1556  -2.0318 5
  7.8477  -1.9705 5
  7.5344  -1.9500 5
  7.2212  -1.9705 5
  6.9133  -2.0318 5
  6.6160  -2.1327 5
  6.3344  -2.2715 5
  6.0734  -2.4460 5
  5.8374  -2.6529 5
  5.6304  -2.8890 5
  5.4560  -3.1500 5
  5.3171  -3.4316 5
  5.2162  -3.7288 5
  5.1550  -4.0367 5
  5.1344  -4.3500 5
  5.1550  -4.6633 5
  5.2162  -4.9712 5
  5.3171  -5.2684 5
  5.4560  -5.5500 5
  5.6304  -5.8110 5
  5.8374  -6.0471 5
  6.0734  -6.2540 5
  6.3344  -6.4285 5
  6.6160  -6.5673 5
  6.9133  -6.6682 5
  7.2212  -6.7295 5
  7.5344  -6.7500 5
  7.8477  -6.7295 5
  8.1556  -6.6682 5
  8.4529  -6.5673 5
  8.7344  -6.4285 5
  8.9954  -6.2540 5
  9.2315  -6.0471 5
  9.4385  -5.8110 5
  9.6129  -5.5500 5
  9.7517  -5.2684 5
  9.8526  -4.9712 5
  9.9139  -4.6633 5
 10.2344  -4.3500 5
 10.2162  -4.0365 5
 10.1616  -3.7273 5
 10.0716  -3.4265 5
  9.9472  -3.1382 5
  9.7902  -2.8663 5
  9.6027  -2.6145 5
  9.3873  -2.3861 5
  9.1467  -2.1843 5
  8.8844  -2.0117 5
  8.6038  -1.8708 5
  8.3088  -1.7634 5
  8.0033  -1.6910 5
  7.6914  -1.6546 5
  7.3774  -1.6546 5
  7.0656  -1.6910 5
  6.7601  -1.7634 5
  6.4650  -1.8708 5
  6.1844  -2.0117 5
  5.9221  -2.1843 5
  5.6816  -2.3861 5
  5.4661  -2.6145 5
  5.2786  -2.8663 5
  5.1216  -3.1382 5
  4.9973  -3.4265 5
  4.9072  -3.7273 5
  4.8527  -4.0365 5
  4.8344  -4.3500 5
  4.8527  -4.6635 5
  4.9072  -4.9727 5
  4.9973  -5.2735 5
  5.1216  -5.5618 5
  5.2786  -5.8337 5
  5.4661  -6.0855 5
  5.6816  -6.3139 5
  5.9221  -6.5157 5
  6.1844  -6.6883 5
  6.4650  -6.8292 5
  6.7601  -6.9366 5
  7.0656  -7.0090 5
  7.3774  -7.0454 5
  7.6914  -7.0454 5
  8.0033  -7.0090 5
  8.3088  -6.9366 5
  8.6038  -6.8292 5
  8.8844  -6.6883 5
  9.1467  -6.5157 5
  9.3873  -6.3139 5
  9.6027  -6.0855 5
  9.7902  -5.8337 5
  9.9472  -5.5618 5
 10.0716  -5.2735 5
 10.1616  -4.9727 5
 10.2162  -4.6635 5
 10.5344  -4.3500 5
 10.5180  -4.0364 5
 10.4689  -3.7263 5
 10.3876  -3.4229 5
 10.2751  -3.1298 5
 10.1325  -2.8500 5
  9.9615  -2.5866 5
  9.7639  -2.3426 5
  9.5418  -2.1206 5
  9.2978  -1.9229 5
  9.0344  -1.7519 5
  8.7546  -1.6094 5
  8.4615  -1.4968 5
  8.1582  -1.4156 5
  7.8480  -1.3664 5
  7.5344  -1.3500 5
  7.2208  -1.3664 5
  6.9107  -1.4156 5
  6.6074  -1.4968 5
  6.3142  -1.6094 5
  6.0344  -1.7519 5
  5.7711  -1.9229 5
  5.5270  -2.1206 5
  5.3050  -2.3426 5
  5.1074  -2.5866 5
  4.9363  -2.8500 5
  4.7938  -3.1298 5
  4.6813  -3.4229 5
  4.6000  -3.7263 5
  4.5509  -4.0364 5
  4.5344  -4.3500 5
  4.5509  -4.6636 5
  4.6000  -4.9737 5
  4.6813  -5.2771 5
  4.7938  -5.5702 5
  4.9363  -5.8500 5
  5.1074  -6.1134 5
  5.3050  -6.3574 5
  5.5270  -6.5794 5
  5.7711  -6.7771 5
  6.0344  -6.9481 5
  6.3142  -7.0906 5
  6.6074  -7.2032 5
  6.9107  -7.2844 5
  7.2208  -7.3336 5
  7.5344  -7.3500 5
  7.8480  -7.3336 5
  8.1582  -7.2844 5
  8.4615  -7.2032 5
  8.7546  -7.0906 5
  9.0344  -6.9481 5
  9.2978  -6.7771 5
  9.5418  -6.5794 5
  9.7639  -6.3574 5
  9.9615  -6.1134 5
 10.1325  -5.8500 5
 10.2751  -5.5702 5
 10.3876  -5.2771 5
 10.4689  -4.9737 5
 10.5180  -4.6636 5
 10.8344  -4.3500 5
 10.8195  -4.0363 5
 10.7748  -3.7255 5
 10.7007  -3.4203 5
 10.5980  -3.1235 5
 10.4676  -2.8379 5
 10.3106  -2.5659 5
 10.1284  -2.3101 5
  9.9227  -2.0727 5
  9.6955  -1.8560 5
  9.4486  -1.6619 5
  9.1844  -1.4921 5
  8.9053  -1.3482 5
  8.6137  -1.2315 5
  8.3124  -1.1430 5
  8.0041  -1.0836 5
  7.6914  -1.0537 5
  7.3774  -1.0537 5
  7.0648  -1.0836 5
  6.7564  -1.1430 5
  6.4551  -1.2315 5
  6.1636  -1.3482 5
  5.8844  -1.4921 5
  5.6202  -1.6619 5
  5.3734  -1.8560 5
  5.1461  -2.0727 5
  4.9404  -2.3101 5
  4.7583  -2.5659 5
  4.6013  -2.8379 5
  4.4708  -3.1235 5
  4.3681  -3.4203 5
  4.2941  -3.7255 5
  4.2494  -4.0363 5
  4.2344  -4.3500 5
  4.2494  -4.6637 5
  4.2941  -4.9745 5
  4.3681  -5.2797 5
  4.4708  -5.5765 5
  4.6013  -5.8621 5
  4.7583  -6.1341 5
  4.9404  -6.3899 5
  5.1461  -6.6273 5
  5.3734  -6.8440 5
  5.6202  -7.0381 5
  5.8844  -7.2079 5
  6.1636  -7.3518 5
  6.4551  -7.4685 5
  6.7564  -7.5570 5
  7.0648  -7.6164 5
  7.3774  -7.6463 5
  7.6914  -7.6463 5
  8.0041  -7.6164 5
  8.3124  -7.5570 5
  8.6137  -7.4685 5
  8.9053  -7.3518 5
  9.1844  -7.2079 5
  9.4486  -7.0381 5
  9.6955  -6.8440 5
  9.9227  -6.6273 5
 10.1284  -6.3899 5
 10.3106  -6.1341 5
 10.4676  -5.8621 5
 10.5980  -5.5765 5
 10.7007  -5.2797 5
 10.7748  -4.9745 5
 10.8195  -4.6637 5
 11.1344  -4.3500 5
 11.1207  -4.0362 5
 11.0797  -3.7249 5
 11.0118  -3.4183 5
 10.9173  -3.1187 5
 10.7971  -2.8286 5
 10.6521  -2.5500 5
 10.4834  -2.2851 5
 10.2922  -2.0360 5
 10.0800  -1.8044 5
  9.8485  -1.5922 5
  9.5993  -1.4011 5
  9.3344  -1.2323 5
  9.0558  -1.0873 5
  8.7657  -0.9671 5
  8.4662  -0.8727 5
  8.1596  -0.8047 5
  7.8482  -0.7637 5
  7.5344  -0.7500 5
  7.2207  -0.7637 5
  6.9093  -0.8047 5
  6.6027  -0.8727 5
  6.3031  -0.9671 5
  6.0130  -1.0873 5
  5.7344  -1.2323 5
  5.4695  -1.4011 5
  5.2204  -1.5922 5
  4.9888  -1.8044 5
  4.7767  -2.0360 5
  4.5855  -2.2851 5
  4.4167  -2.5500 5
  4.2717  -2.8286 5
  4.1515  -3.1187 5
  4.0571  -3.4183 5
  3.9891  -3.7249 5
  3.9481  -4.0362 5
  3.9344  -4.3500 5
  3.9481  -4.6638 5
  3.9891  -4.9751 5
  4.0571  -5.2817 5
  4.1515  -5.5813 5
  4.2717  -5.8714 5
  4.4167  -6.1500 5
  4.5855  -6.4149 5
  4.7767  -6.6640 5
  4.9888  -6.8956 5
  5.2204  -7.1078 5
  5.4695  -7.2989 5
  5.7344  -7.4677 5
  6.0130  -7.6127 5
  6.3031  -7.7329 5
  6.6027  -7.8273 5
  6.9093  -7.8953 5
  7.2207  -7.9363 5
  7.5344  -7.9500 5
  7.8482  -7.9363 5
  8.1596  -7.8953 5
  8.4662  -7.8273 5
  8.7657  -7.7329 5
  9.0558  -7.6127 5
  9.3344  -7.4677 5
  9.5993  -7.2989 5
  9.8485  -7.1078 5
 10.0800  -6.8956 5
 10.2922  -6.6640 5
 10.4834  -6.4149 5
 10.6521  -6.1500 5
 10.7971  -5.8714 5
 10.9173  -5.5813 5
 11.0118  -5.2817 5
 11.0797  -4.9751 5
 11.1207  -4.6638 5
 11.4344  -4.3500 5
 11.4218  -4.0362 5
 11.3839  -3.7244 5
 11.3211  -3.4167 5
 11.2337  -3.1150 5
 11.1223  -2.8213 5
 10.9877  -2.5376 5
 10.8307  -2.2656 5
 10.6522  -2.0071 5
 10.4536  -1.7638 5
 10.2360  -1.5373 5
 10.0010  -1.3290 5
  9.7499  -1.1404 5
  9.4844  -0.9725 5
  9.2063  -0.8265 5
  8.9174  -0.7034 5
  8.6195  -0.6040 5
  8.3145  -0.5288 5
  8.0045  -0.4784 5
  7.6915  -0.4532 5
  7.3774  -0.4532 5
  7.0643  -0.4784 5
  6.7543  -0.5288 5
  6.4494  -0.6040 5
  6.1515  -0.7034 5
  5.8625  -0.8265 5
  5.5844  -0.9725 5
  5.3190  -1.1404 5
  5.0679  -1.3290 5
  4.8328  -1.5373 5
  4.6152  -1.7638 5
  4.4166  -2.0071 5
  4.2382  -2.2656 5
  4.0811  -2.5376 5
  3.9465  -2.8213 5
  3.8351  -3.1150 5
  3.7477  -3.4167 5
  3.6849  -3.7244 5
  3.6471  -4.0362 5
  3.6344  -4.3500 5
  3.6471  -4.6638 5
  3.6849  -4.9756 5
  3.7477  -5.2833 5
  3.8351  -5.5850 5
  3.9465  -5.8787 5
  4.0811  -6.1624 5
  4.2382  -6.4344 5
  4.4166  -6.6929 5
  4.6152  -6.9362 5
  4.8328  -7.1627 5
  5.0679  -7.3710 5
  5.3190  -7.5596 5
  5.5844  -7.7275 5
  5.8625  -7.8735 5
  6.1515  -7.9966 5
  6.4494  -8.0960 5
  6.7543  -8.1712 5
  7.0643  -8.2216 5
  7.3774  -8.2468 5
  7.6915  -8.2468 5
  8.0045  -8.2216 5
  8.3145  -8.1712 5
  8.6195  -8.0960 5
  8.9174  -7.9966 5
  9.2063  -7.8735 5
  9.4844  -7.7275 5
  9.7499  -7.5596 5
 10.0010  -7.3710 5
 10.2360  -7.1627 5
 10.4536  -6.9362 5
 10.6522  -6.6929 5
 10.8307  -6.4344 5
 10.9877  -6.1624 5
 11.1223  -5.8787 5
 11.2337  -5.5850 5
 11.3211  -5.2833 5
 11.3839  -4.9756 5
 11.4218  -4.6638 5
 11.7344  -4.3500 5
 11.7227  -4.0361 5
 11.6875  -3.7240 5
 11.6291  -3.4154 5
 11.5478  -3.1120 5
 11.4441  -2.8156 5
 11.3185  -2.5277 5
 11.1717  -2.2500 5
 11.0046  -1.9841 5
 10.8181  -1.7313 5
 10.6132  -1.4933 5
 10.3911  -1.2712 5
 10.1531  -1.0663 5
  9.9004  -0.8798 5
  9.6344  -0.7127 5
  9.3567  -0.5659 5
  9.0689  -0.4403 5
  8.7724  -0.3366 5
  8.4690  -0.2553 5
  8.1604  -0.1969 5
  7.8483  -0.1617 5
  7.5344  -0.1500 5
  7.2206  -0.1617 5
  6.9084  -0.1969 5
  6.5998  -0.2553 5
  6.2964  -0.3366 5
  6.0000  -0.4403 5
  5.7121  -0.5659 5
  5.4344  -0.7127 5
  5.1685  -0.8798 5
  4.9158  -1.0663 5
  4.6777  -1.2712 5
  4.4556  -1.4933 5
  4.2507  -1.7313 5
  4.0642  -1.9841 5
  3.8971  -2.2500 5
  3.7504  -2.5277 5
  3.6248  -2.8156 5
  3.5210  -3.1120 5
  3.4397  -3.4154 5
  3.3813  -3.7240 5
  3.3462  -4.0361 5
  3.3344  -4.3500 5
  3.3462  -4.6639 5
  3.3813  -4.9760 5
  3.4397  -5.2846 5
  3.5210  -5.5880 5
  3.6248  -5.8844 5
  3.7504  -6.1723 5
  3.8971  -6.4500 5
  4.0642  -6.7159 5
  4.2507  -6.9687 5
  4.4556  -7.2067 5
  4.6777  -7.4288 5
  4.9158  -7.6337 5
  5.1685  -7.8202 5
  5.4344  -7.9873 5
  5.7121  -8.1341 5
  6.0000  -8.2597 5
  6.2964  -8.3634 5
  6.5998  -8.4447 5
  6.9084  -8.5031 5
  7.2206  -8.5383 5
  7.5344  -8.5500 5
  7.8483  -8.5383 5
  8.1604  -8.5031 5
  8.4690  -8.4447 5
  8.7724  -8.3634 5
  9.0689  -8.2597 5
  9.3567  -8.1341 5
  9.6344  -7.9873 5
  9.9004  -7.8202 5
 10.1531  -7.6337 5
 10.3911  -7.4288 5
 10.6132  -7.2067 5
 10.8181  -6.9687 5
 11.0046  -6.7159 5
 11.1717  -6.4500 5
 11.3185  -6.1723 5
 11.4441  -5.8844 5
 11.5478  -5.5880 5
 11.6291  -5.2846 5
 11.6875  -4.9760 5
 11.7227  -4.6639 5
  7.5344  -4.3500 5
  7.8344   4.3500 6
  7.6844   4.6098 6
  7.3844   4.6098 6
  7.2344   4.3500 6
  7.3844   4.0902 6
  7.6844   4.0902 6
  8.1344   4.3500 6
  8.0540   4.6500 6
  7.8344   4.8696 6
  7.5344   4.9500 6
  7.2344   4.8696 6
  7.0148   4.6500 6
  6.9344   4.3500 6
  7.0148   4.0500 6
  7.2344   3.8304 6
  7.5344   3.7500 6
  7.8344   3.8304 6
  8.0540   4.0500 6
  8.4344   4.3500 6
  8.3801   4.6578 6
  8.2239   4.9285 6
  7.9844   5.1294 6
  7.6907   5.2363 6
  7.3781   5.2363 6
  7.0844   5.1294 6
  6.8450   4.9285 6
  6.6887   4.6578 6
  6.6344   4.3500 6
  6.6887   4.0422 6
  6.8450   3.7715 6
  7.0844   3.5706 6
  7.3781   3.4637 6
  7.6907   3.4637 6
  7.9844   3.5706 6
  8.2239   3.7715 6
  8.3801   4.0422 6
  8.7344   4.3500 6
  8.6935   4.6606 6
  8.5737   4.9500 6
  8.3829   5.1985 6
  8.1344   5.3892 6
  7.8450   5.5091 6
  7.5344   5.5500 6
  7.2238   5.5091 6
  6.9344   5.3892 6
  6.6859   5.1985 6
  6.4952   4.9500 6
  6.3753   4.6606 6
  6.3344   4.3500 6
  6.3753   4.0394 6
  6.4952   3.7500 6
  6.6859   3.5015 6
  6.9344   3.3108 6
  7.2238   3.1909 6
  7.5344   3.1500 6
  7.8450   3.1909 6
  8.1344   3.3108 6
  8.3829   3.5015 6
  8.5737   3.7500 6
  8.6935   4.0394 6
  9.0344   4.3500 6
  9.0016   4.6619 6
  8.9047   4.9601 6
  8.7479   5.2317 6
  8.5381   5.4647 6
  8.2844   5.6490 6
  7.9979   5.7766 6
  7.6912   5.8418 6
  7.3776   5.8418 6
  7.0709   5.7766 6
  6.7844   5.6490 6
  6.5307   5.4647 6
  6.3209   5.2317 6
  6.1641   4.9601 6
  6.0672   4.6619 6
  6.0344   4.3500 6
  6.0672   4.0381 6
  6.1641   3.7399 6
  6.3209   3.4683 6
  6.5307   3.2353 6
  6.7844   3.0510 6
  7.0709   2.9234 6
  7.3776   2.8582 6
  7.6912   2.8582 6
  7.9979   2.9234 6
  8.2844   3.0510 6
  8.5381   3.2353 6
  8.7479   3.4683 6
  8.9047   3.7399 6
  9.0016   4.0381 6
  9.3344   4.3500 6
  9.3071   4.6626 6
  9.2259   4.9656 6
  9.0933   5.2500 6
  8.9133   5.5070 6
  8.6914   5.7289 6
  8.4344   5.9088 6
  8.1501   6.0414 6
  7.8470   6.1227 6
  7.5344   6.1500 6
  7.2219   6.1227 6
  6.9188   6.0414 6
  6.6344   5.9088 6
  6.3774   5.7289 6
  6.1555   5.5070 6
  5.9756   5.2500 6
  5.8430   4.9656 6
  5.7618   4.6626 6
  5.7344   4.3500 6
  5.7618   4.0374 6
  5.8430   3.7344 6
  5.9756   3.4500 6
  6.1555   3.1930 6
  6.3774   2.9711 6
  6.6344   2.7912 6
  6.9188   2.6586 6
  7.2219   2.5773 6
  7.5344   2.5500 6
  7.8470   2.5773 6
  8.1501   2.6586 6
  8.4344   2.7912 6
  8.6914   2.9711 6
  8.9133   3.1930 6
  9.0933   3.4500 6
  9.2259   3.7344 6
  9.3071   4.0374 6
  9.6344   4.3500 6
  9.6110   4.6630 6
  9.5411   4.9690 6
  9.4265   5.2612 6
  9.2695   5.5330 6
  9.0738   5.7784 6
  8.8437   5.9918 6
  8.5844   6.1687 6
  8.3016   6.3048 6
  8.0017   6.3973 6
  7.6914   6.4441 6
  7.3775   6.4441 6
  7.0671   6.3973 6
  6.7672   6.3048 6
  6.4844   6.1687 6
  6.2251   5.9918 6
  5.9950   5.7784 6
  5.7993   5.5330 6
  5.6424   5.2612 6
  5.5277   4.9690 6
  5.4579   4.6630 6
  5.4344   4.3500 6
  5.4579   4.0370 6
  5.5277   3.7310 6
  5.6424   3.4388 6
  5.7993   3.1670 6
  5.9950   2.9216 6
  6.2251   2.7082 6
  6.4844   2.5313 6
  6.7672   2.3952 6
  7.0671   2.3027 6
  7.3775   2.2559 6
  7.6914   2.2559 6
  8.0017   2.3027 6
  8.3016   2.3952 6
  8.5844   2.5313 6
  8.8437   2.7082 6
  9.0738   2.9216 6
  9.2695   3.1670 6
  9.4265   3.4388 6
  9.5411   3.7310 6
  9.6110   4.0370 6
  9.9344   4.3500 6
  9.9139   4.6633 6
  9.8526   4.9712 6
  9.7517   5.2684 6
  9.6129   5.5500 6
  9.4385   5.8110 6
  9.2315   6.0471 6
  8.9954   6.2540 6
  8.7344   6.4285 6
  8.4529   6.5673 6
  8.1556   6.6682 6
  7.8477   6.7295 6
  7.5344   6.7500 6
  7.2212   6.7295 6
  6.9133   6.6682 6
  6.6160   6.5673 6
  6.3344   6.4285 6
  6.0734   6.2540 6
  5.8374   6.0471 6
  5.6304   5.8110 6
  5.4560   5.5500 6
  5.3171   5.2684 6
  5.2162   4.9712 6
  5.1550   4.6633 6
  5.1344   4.3500 6
  5.1550   4.0367 6
  5.2162   3.7288 6
  5.3171   3.4316 6
  5.4560   3.1500 6
  5.6304   2.8890 6
  5.8374   2.6529 6
  6.0734   2.4460 6
  6.3344   2.2715 6
  6.6160   2.1327 6
  6.9133   2.0318 6
  7.2212   1.9705 6
  7.5344   1.9500 6
  7.8477   1.9705 6
  8.1556   2.0318 6
  8.4529   2.1327 6
  8.7344   2.2715 6
  8.9954   2.4460 6
  9.2315   2.6529 6
  9.4385   2.8890 6
  9.6129   3.1500 6
  9.7517   3.4316 6
  9.8526   3.7288 6
  9.9139   4.0367 6
 10.2344   4.3500 6
 10.2162   4.6635 6
 10.1616   4.9727 6
 10.0716   5.2735 6
  9.9472   5.5618 6
  9.7902   5.8337 6
  9.6027   6.0855 6
  9.3873   6.3139 6
  9.1467   6.5157 6
  8.8844   6.6883 6
  8.6038   6.8292 6
  8.3088   6.9366 6
  8.0033   7.0090 6
  7.6914   7.0454 6
  7.3774   7.0454 6
  7.0656   7.0090 6
  6.7601   6.9366 6
  6.4650   6.8292 6
  6.1844   6.6883 6
  5.9221   6.5157 6
  5.6816   6.3139 6
  5.4661   6.0855 6
  5.2786   5.8337 6
  5.1216   5.5618 6
  4.9973   5.2735 6
  4.9072   4.9727 6
  4.8527   4.6635 6
  4.8344   4.3500 6
  4.8527   4.0365 6
  4.9072   3.7273 6
  4.9973   3.4265 6
  5.1216   3.1382 6
  5.2786   2.8663 6
  5.4661   2.6145 6
  5.6816   2.3861 6
  5.9221   2.1843 6
  6.1844   2.0117 6
  6.4650   1.8708 6
  6.7601   1.7634 6
  7.0656   1.6910 6
  7.3774   1.6546 6
  7.6914   1.6546 6
  8.0033   1.6910 6
  8.3088   1.7634 6
  8.6038   1.8708 6
  8.8844   2.0117 6
  9.1467   2.1843 6
  9.3873   2.3861 6
  9.6027   2.6145 6
  9.7902   2.8663 6
  9.9472   3.1382 6
 10.0716   3.4265 6
 10.1616   3.7273 6
 10.2162   4.0365 6
 10.5344   4.3500 6
 10.5180   4.6636 6
 10.4689   4.9737 6
 10.3876   5.2771 6
 10.2751   5.5702 6
 10.1325   5.8500 6
  9.9615   6.1134 6
  9.7639   6.3574 6
  9.5418   6.5794 6
  9.2978   6.7771 6
  9.0344   6.9481 6
  8.7546   7.0906 6
  8.4615   7.2032 6
  8.1582   7.2844 6
  7.8480   7.3336 6
  7.5344   7.3500 6
  7.2208   7.3336 6
  6.9107   7.2844 6
  6.6074   7.2032 6
  6.3142   7.0906 6
  6.0344   6.9481 6
  5.7711   6.7771 6
  5.5270   6.5794 6
  5.3050   6.3574 6
  5.1074   6.1134 6
  4.9363   5.8500 6
  4.7938   5.5702 6
  4.6813   5.2771 6
  4.6000   4.9737 6
  4.5509   4.6636 6
  4.5344   4.3500 6
  4.5509   4.0364 6
  4.6000   3.7263 6
  4.6813   3.4229 6
  4.7938   3.1298 6
  4.9363   2.8500 6
  5.1074   2.5866 6
  5.3050   2.3426 6
  5.5270   2.1206 6
  5.7711   1.9229 6
  6.0344   1.7519 6
  6.3142   1.6094 6
  6.6074   1.4968 6
  6.9107   1.4156 6
  7.2208   1.3664 6
  7.5344   1.3500 6
  7.8480   1.3664 6
  8.1582   1.4156 6
  8.4615   1.4968 6
  8.7546   1.6094 6
  9.0344   1.7519 6
  9.2978   1.9229 6
  9.5418   2.1206 6
  9.7639   2.3426 6
  9.9615   2.5866 6
 10.1325   2.8500 6
 10.2751   3.1298 6
 10.3876   3.4229 6
 10.4689   3.7263 6
 10.5180   4.0364 6
 10.8344   4.3500 6
 10.8195   4.6637 6
 10.7748   4.9745 6
 10.7007   5.2797 6
 10.5980   5.5765 6
 10.4676   5.8621 6
 10.3106   6.1341 6
 10.1284   6.3899 6
  9.9227   6.6273 6
  9.6955   6.8440 6
  9.4486   7.0381 6
  9.1844   7.2079 6
  8.9053   7.3518 6
  8.6137   7.4685 6
  8.3124   7.5570 6
  8.0041   7.6164 6
  7.6914   7.6463 6
  7.3774   7.6463 6
  7.0648   7.6164 6
  6.7564   7.5570 6
  6.4551   7.4685 6
  6.1636   7.3518 6
  5.8844   7.2079 6
  5.6202   7.0381 6
  5.3734   6.8440 6
  5.1461   6.6273 6
  4.9404   6.3899 6
  4.7583   6.1341 6
  4.6013   5.8621 6
  4.4708   5.5765 6
  4.3681   5.2797 6
  4.2941   4.9745 6
  4.2494   4.6637 6
  4.2344   4.3500 6
  4.2494   4.0363 6
  4.2941   3.7255 6
  4.3681   3.4203 6
  4.4708   3.1235 6
  4.6013   2.8379 6
  4.7583   2.5659 6
  4.9404   2.3101 6
  5.1461   2.0727 6
  5.3734   1.8560 6
  5.6202   1.6619 6
  5.8844   1.4921 6
  6.1636   1.3482 6
  6.4551   1.2315 6
  6.7564   1.1430 6
  7.0648   1.0836 6
  7.3774   1.0537 6
  7.6914   1.0537 6
  8.0041   1.0836 6
  8.3124   1.1430 6
  8.6137   1.2315 6
  8.9053   1.3482 6
  9.1844   1.4921 6
  9.4486   1.6619 6
  9.6955   1.8560 6
  9.9227   2.0727 6
 10.1284   2.3101 6
 10.3106   2.5659 6
 10.4676   2.8379 6
 10.5980   3.1235 6
 10.7007   3.4203 6
 10.7748   3.7255 6
 10.8195   4.0363 6
 11.1344   4.3500 6
 11.1207   4.6638 6
 11.0797   4.9751 6
 11.0118   5.2817 6
 10.9173   5.5813 6
 10.7971   5.8714 6
 10.6521   6.1500 6
 10.4834   6.4149 6
 10.2922   6.6640 6
 10.0800   6.8956 6
  9.8485   7.1078 6
  9.5993   7.2989 6
  9.3344   7.4677 6
  9.0558   7.6127 6
  8.7657   7.7329 6
  8.4662   7.8273 6
  8.1596   7.8953 6
  7.8482   7.9363 6
  7.5344   7.9500 6
  7.2207   7.9363 6
  6.9093   7.8953 6
  6.6027   7.8273 6
  6.3031   7.7329 6
  6.0130   7.6127 6
  5.7344   7.4677 6
  5.4695   7.2989 6
  5.2204   7.1078 6
  4.9888   6.8956 6
  4.7767   6.6640 6
  4.5855   6.4149 6
  4.4167   6.1500 6
  4.2717   5.8714 6
  4.1515   5.5813 6
  4.0571   5.2817 6
  3.9891   4.9751 6
  3.9481   4.6638 6
  3.9344   4.3500 6
  3.9481   4.0362 6
  3.9891   3.7249 6
  4.0571   3.4183 6
  4.1515   3.1187 6
  4.2717   2.8286 6
  4.4167   2.5500 6
  4.5855   2.2851 6
  4.7767   2.0360 6
  4.9888   1.8044 6
  5.2204   1.5922 6
  5.4695   1.4011 6
  5.7344   1.2323 6
  6.0130   1.0873 6
  6.3031   0.9671 6
  6.6027   0.8727 6
  6.9093   0.8047 6
  7.2207   0.7637 6
  7.5344   0.7500 6
  7.8482   0.7637 6
  8.1596   0.8047 6
  8.4662   0.8727 6
  8.7657   0.9671 6
  9.0558   1.0873 6
  9.3344   1.2323 6
  9.5993   1.4011 6
  9.8485   1.5922 6
 10.0800   1.8044 6
 10.2922   2.0360 6
 10.4834   2.2851 6
 10.6521   2.5500 6
 10.7971   2.8286 6
 10.9173   3.1187 6
 11.0118   3.4183 6
 11.0797   3.7249 6
 11.1207   4.0362 6
 11.4344   4.3500 6
 11.4218   4.6638 6
 11.3839   4.9756 6
 11.3211   5.2833 6
 11.2337   5.5850 6
 11.1223   5.8787 6
 10.9877   6.1624 6
 10.8307   6.4344 6
 10.6522   6.6929 6
 10.4536   6.9362 6
 10.2360   7.1627 6
 10.0010   7.3710 6
  9.7499   7.5596 6
  9.4844   7.7275 6
  9.2063   7.8735 6
  8.9174   7.9966 6
  8.6195   8.0960 6
  8.3145   8.1712 6
  8.0045   8.2216 6
  7.6915   8.2468 6
  7.3774   8.2468 6
  7.0643   8.2216 6
  6.7543   8.1712 6
  6.4494   8.0960 6
  6.1515   7.9966 6
  5.8625   7.8735 6
  5.5844   7.7275 6
  5.3190   7.5596 6
  5.0679   7.3710 6
  4.8328   7.1627 6
  4.6152   6.9362 6
  4.4166   6.6929 6
  4.2382   6.4344 6
  4.0811   6.1624 6
  3.9465   5.8787 6
  3.8351   5.5850 6
  3.7477   5.2833 6
  3.6849   4.9756 6
  3.6471   4.6638 6
  3.6344   4.3500 6
  3.6471   4.0362 6
  3.6849   3.7244 6
  3.7477   3.4167 6
  3.8351   3.1150 6
  3.9465   2.8213 6
  4.0811   2.5376 6
  4.2382   2.2656 6
  4.4166   2.0071 6
  4.6152   1.7638 6
  4.8328   1.5373 6
  5.0679   1.3290 6
  5.3190   1.1404 6
  5.5844   0.9725 6
  5.8625   0.8265 6
  6.1515   0.7034 6
  6.4494   0.6040 6
  6.7543   0.5288 6
  7.0643   0.4784 6
  7.3774   0.4532 6
  7.6915   0.4532 6
  8.0045   0.4784 6
  8.3145   0.5288 6
  8.6195   0.6040 6
  8.9174   0.7034 6
  9.2063   0.8265 6
  9.4844   0.9725 6
  9.7499   1.1404 6
 10.0010   1.3290 6
 10.2360   1.5373 6
 10.4536   1.7638 6
 10.6522   2.0071 6
 10.8307   2.2656 6
 10.9877   2.5376 6
 11.1223   2.8213 6
 11.2337   3.1150 6
 11.3211   3.4167 6
 11.3839   3.7244 6
 11.4218   4.0362 6
 11.7344   4.3500 6
 11.7227   4.6639 6
 11.6875   4.9760 6
 11.6291   5.2846 6
 11.5478   5.5880 6
 11.4441   5.8844 6
 11.3185   6.1723 6
 11.1717   6.4500 6
 11.0046   6.7159 6
 10.8181   6.9687 6
 10.6132   7.2067 6
 10.3911   7.4288 6
 10.1531   7.6337 6
  9.9004   7.8202 6
  9.6344   7.9873 6
  9.3567   8.1341 6
  9.0689   8.2597 6
  8.7724   8.3634 6
  8.4690   8.4447 6
  8.1604   8.5031 6
  7.8483   8.5383 6
  7.5344   8.5500 6
  7.2206   8.5383 6
  6.9084   8.5031 6
  6.5998   8.4447 6
  6.2964   8.3634 6
  6.0000   8.2597 6
  5.7121   8.1341 6
  5.4344   7.9873 6
  5.1685   7.8202 6
  4.9158   7.6337 6
  4.6777   7.4288 6
  4.4556   7.2067 6
  4.2507   6.9687 6
  4.0642   6.7159 6
  3.8971   6.4500 6
  3.7504   6.1723 6
  3.6248   5.8844 6
  3.5210   5.5880 6
  3.4397   5.2846 6
  3.3813   4.9760 6
  3.3462   4.6639 6
  3.3344   4.3500 6
  3.3462   4.0361 6
  3.3813   3.7240 6
  3.4397   3.4154 6
  3.5210   3.1120 6
  3.6248   2.8156 6
  3.7504   2.5277 6
  3.8971   2.2500 6
  4.0642   1.9841 6
  4.2507   1.7313 6
  4.4556   1.4933 6
  4.6777   1.2712 6
  4.9158   1.0663 6
  5.1685   0.8798 6
  5.4344   0.7127 6
  5.7121   0.5659 6
  6.0000   0.4403 6
  6.2964   0.3366 6
  6.5998   0.2553 6
  6.9084   0.1969 6
  7.2206   0.1617 6
  7.5344   0.1500 6
  7.8483   0.1617 6
  8.1604   0.1969 6
  8.4690   0.2553 6
  8.7724   0.3366 6
  9.0689   0.4403 6
  9.3567   0.5659 6
  9.6344   0.7127 6
  9.9004   0.8798 6
 10.1531   1.0663 6
 10.3911   1.2712 6
 10.6132   1.4933 6
 10.8181   1.7313 6
 11.0046   1.9841 6
 11.1717   2.2500 6
 11.3185   2.5277 6
 11.4441   2.8156 6
 11.5478   3.1120 6
 11.6291   3.4154 6
 11.6875   3.7240 6
 11.7227   4.0361 6
  7.5344   4.3500 6
  1.2000   0.0000 7
  1.1591   0.3106 7
  1.0392   0.6000 7
  0.8485   0.8485 7
  0.6000   1.0392 7
  0.3106   1.1591 7
  0.0000   1.2000 7
 -0.3106   1.1591 7
 -0.6000   1.0392 7
 -0.8485   0.8485 7
 -1.0392   0.6000 7
 -1.1591   0.3106 7
 -1.2000   0.0000 7
 -1.1591  -0.3106 7
 -1.0392  -0.6000 7
 -0.8485  -0.8485 7
 -0.6000  -1.0392 7
 -0.3106  -1.1591 7
 -0.0000  -1.2000 7
  0.3106  -1.1591 7
  0.6000  -1.0392 7
  0.8485  -0.8485 7
  1.0392  -0.6000 7
  1.1591  -0.3106 7
  1.5000   0.0000 7
  1.4672   0.3119 7
  1.3703   0.6101 7
  1.2135   0.8817 7
  1.0037   1.1147 7
  0.7500   1.2990 7
  0.4635   1.4266 7
  0.1568   1.4918 7
 -0.1568   1.4918 7
 -0.4635   1.4266 7
 -0.7500   1.2990 7
 -1.0037   1.1147 7
 -1.2135   0.8817 7
 -1.3703   0.6101 7
 -1.4672   0.3119 7
 -1.5000   0.0000 7
 -1.4672  -0.3119 7
 -1.3703  -0.6101 7
 -1.2135  -0.8817 7
 -1.0037  -1.1147 7
 -0.7500  -1.2990 7
 -0.4635  -1.4266 7
 -0.1568  -1.4918 7
  0.1568  -1.4918 7
  0.4635  -1.4266 7
  0.7500  -1.2990 7
  1.0037  -1.1147 7
  1.2135  -0.8817 7
  1.3703  -0.6101 7
  1.4672  -0.3119 7
  1.8000   0.0000 7
  1.7727   0.3126 7
  1.6914   0.6156 7
  1.5588   0.9000 7
  1.3789   1.1570 7
  1.1570   1.3789 7
  0.9000   1.5588 7
  0.6156   1.6914 7
  0.3126   1.7727 7
  0.0000   1.8000 7
 -0.3126   1.7727 7
 -0.6156   1.6914 7
 -0.9000   1.5588 7
 -1.1570   1.3789 7
 -1.3789   1.1570 7
 -1.5588   0.9000 7
 -1.6914   0.6156 7
 -1.7727   0.3126 7
 -1.8000   0.0000 7
 -1.7727  -0.3126 7
 -1.6914  -0.6156 7
 -1.5588  -0.9000 7
 -1.3789  -1.1570 7
 -1.1570  -1.3789 7
 -0.9000  -1.5588 7
 -0.6156  -1.6914 7
 -0.3126  -1.7727 7
 -0.0000  -1.8000 7
  0.3126  -1.7727 7
  0.6156  -1.6914 7
  0.9000  -1.5588 7
  1.1570  -1.3789 7
  1.3789  -1.1570 7
  1.5588  -0.9000 7
  1.6914  -0.6156 7
  1.7727  -0.3126 7
  2.1000   0.0000 7
  2.0765   0.3130 7
  2.0067   0.6190 7
  1.8920   0.9112 7
  1.7351   1.1830 7
  1.5394   1.4284 7
  1.3093   1.6418 7
  1.0500   1.8187 7
  0.7672   1.9548 7
  0.4673   2.0473 7
  0.1569   2.0941 7
 -0.1569   2.0941 7
 -0.4673   2.0473 7
 -0.7672   1.9548 7
 -1.0500   1.8187 7
 -1.3093   1.6418 7
 -1.5394   1.4284 7
 -1.7351   1.1830 7
 -1.8920   0.9112 7
 -2.0067   0.6190 7
 -2.0765   0.3130 7
 -2.1000   0.0000 7
 -2.0765  -0.3130 7
 -2.0067  -0.6190 7
 -1.8920  -0.9112 7
 -1.7351  -1.1830 7
 -1.5394  -1.4284 7
 -1.3093  -1.6418 7
 -1.0500  -1.8187 7
 -0.7672  -1.9548 7
 -0.4673  -2.0473 7
 -0.1569  -2.0941 7
  0.1569  -2.0941 7
  0.4673  -2.0473 7
  0.7672  -1.9548 7
  1.0500  -1.8187 7
  1.3093  -1.6418 7
  1.5394  -1.4284 7
  1.7351  -1.1830 7
  1.8920  -0.9112 7
  2.0067  -0.6190 7
  2.0765  -0.3130 7
  2.4000   0.0000 7
  2.3795   0.3133 7
  2.3182   0.6212 7
  2.2173   0.9184 7
  2.0785   1.2000 7
  1.9040   1.4610 7
  1.6971   1.6971 7
  1.4610   1.9040 7
  1.2000   2.0785 7
  0.9184   2.2173 7
  0.6212   2.3182 7
  0.3133   2.3795 7
  0.0000   2.4000 7
 -0.3133   2.3795 7
 -0.6212   2.3182 7
 -0.9184   2.2173 7
 -1.2000   2.0785 7
 -1.4610   1.9040 7
 -1.6971   1.6971 7
 -1.9040   1.4610 7
 -2.0785   1.2000 7
 -2.2173   0.9184 7
 -2.3182   0.6212 7
 -2.3795   0.3133 7
 -2.4000   0.0000 7
 -2.3795  -0.3133 7
 -2.3182  -0.6212 7
 -2.2173  -0.9184 7
 -2.0785  -1.2000 7
 -1.9040  -1.4610 7
 -1.6971  -1.6971 7
 -1.4610  -1.9040 7
 -1.2000  -2.0785 7
 -0.9184  -2.2173 7
 -0.6212  -2.3182 7
 -0.3133  -2.3795 7
 -0.0000  -2.4000 7
  0.3133  -2.3795 7
  0.6212  -2.3182 7
  0.9184  -2.2173 7
  1.2000  -2.0785 7
  1.4610  -1.9040 7
  1.6971  -1.6971 7
  1.9040  -1.4610 7
  2.0785  -1.2000 7
  2.2173  -0.9184 7
  2.3182  -0.6212 7
  2.3795  -0.3133 7
  2.7000   0.0000 7
  2.6817   0.3135 7
  2.6272   0.6227 7
  2.5372   0.9235 7
  2.4128   1.2118 7
  2.2558   1.4837 7
  2.0683   1.7355 7
  1.8529   1.9639 7
  1.6123   2.1657 7
  1.3500   2.3383 7
  1.0694   2.4792 7
  0.7744   2.5866 7
  0.4689   2.6590 7
  0.1570   2.6954 7
 -0.1570   2.6954 7
 -0.4689   2.6590 7
 -0.7744   2.5866 7
 -1.0694   2.4792 7
 -1.3500   2.3383 7
 -1.6123   2.1657 7
 -1.8529   1.9639 7
 -2.0683   1.7355 7
 -2.2558   1.4837 7
 -2.4128   1.2118 7
 -2.5372   0.9235 7
 -2.6272   0.6227 7
 -2.6817   0.3135 7
 -2.7000   0.0000 7
 -2.6817  -0.3135 7
 -2.6272  -0.6227 7
 -2.5372  -0.9235 7
 -2.4128  -1.2118 7
 -2.2558  -1.4837 7
 -2.0683  -1.7355 7
 -1.8529  -1.9639 7
 -1.6123  -2.1657 7
 -1.3500  -2.3383 7
 -1.0694  -2.4792 7
 -0.7744  -2.5866 7
 -0.4689  -2.6590 7
 -0.1570  -2.6954 7
  0.1570  -2.6954 7
  0.4689  -2.6590 7
  0.7744  -2.5866 7
  1.0694  -2.4792 7
  1.3500  -2.3383 7
  1.6123  -2.1657 7
  1.8529  -1.9639 7
  2.0683  -1.7355 7
  2.2558  -1.4837 7
  2.4128  -1.2118 7
  2.5372  -0.9235 7
  2.6272  -0.6227 7
  2.6817  -0.3135 7
  3.0000   0.0000 7
  2.9836   0.3136 7
  2.9344   0.6237 7
  2.8532   0.9271 7
  2.7406   1.2202 7
  2.5981   1.5000 7
  2.4271   1.7634 7
  2.2294   2.0074 7
  2.0074   2.2294 7
  1.7634   2.4271 7
  1.5000   2.5981 7
  1.2202   2.7406 7
  0.9271   2.8532 7
  0.6237   2.9344 7
  0.3136   2.9836 7
  0.0000   3.0000 7
 -0.3136   2.9836 7
 -0.6237   2.9344 7
 -0.9271   2.8532 7
 -1.2202   2.7406 7
 -1.5000   2.5981 7
 -1.7634   2.4271 7
 -2.0074   2.2294 7
 -2.2294   2.0074 7
 -2.4271   1.7634 7
 -2.5981   1.5000 7
 -2.7406   1.2202 7
 -2.8532   0.9271 7
 -2.9344   0.6237 7
 -2.9836   0.3136 7
 -3.0000   0.0000 7
 -2.9836  -0.3136 7
 -2.9344  -0.6237 7
 -2.8532  -0.9271 7
 -2.7406  -1.2202 7
 -2.5981  -1.5000 7
 -2.4271  -1.7634 7
 -2.2294  -2.0074 7
 -2.0074  -2.2294 7
 -1.7634  -2.4271 7
 -1.5000  -2.5981 7
 -1.2202  -2.7406 7
 -0.9271  -2.8532 7
 -0.6237  -2.9344 7
 -0.3136  -2.9836 7
 -0.0000  -3.0000 7
  0.3136  -2.9836 7
  0.6237  -2.9344 7
  0.9271  -2.8532 7
  1.2202  -2.7406 7
  1.5000  -2.5981 7
  1.7634  -2.4271 7
  2.0074  -2.2294 7
  2.2294  -2.0074 7
  2.4271  -1.7634 7
  2.5981  -1.5000 7
  2.7406  -1.2202 7
  2.8532  -0.9271 7
  2.9344  -0.6237 7
  2.9836  -0.3136 7
  3.3000   0.0000 7
  3.2851   0.3137 7
  3.2404   0.6245 7
  3.1663   0.9297 7
  3.0636   1.2265 7
  2.9332   1.5121 7
  2.7761   1.7841 7
  2.5940   2.0399 7
  2.3883   2.2773 7
  2.1610   2.4940 7
  1.9142   2.6881 7
  1.6500   2.8579 7
  1.3709   3.0018 7
  1.0793   3.1185 7
  0.7780   3.2070 7
  0.4696   3.2664 7
  0.1570   3.2963 7
 -0.1570   3.2963 7
 -0.4696   3.2664 7
 -0.7780   3.2070 7
 -1.0793   3.1185 7
 -1.3709   3.0018 7
 -1.6500   2.8579 7
 -1.9142   2.6881 7
 -2.1610   2.4940 7
 -2.3883   2.2773 7
 -2.5940   2.0399 7
 -2.7761   1.7841 7
 -2.9332   1.5121 7
 -3.0636   1.2265 7
 -3.1663   0.9297 7
 -3.2404   0.6245 7
 -3.2851   0.3137 7
 -3.3000   0.0000 7
 -3.2851  -0.3137 7
 -3.2404  -0.6245 7
 -3.1663  -0.9297 7
 -3.0636  -1.2265 7
 -2.9332  -1.5121 7
 -2.7761  -1.7841 7
 -2.5940  -2.0399 7
 -2.3883  -2.2773 7
 -2.1610  -2.4940 7
 -1.9142  -2.6881 7
 -1.6500  -2.8579 7
 -1.3709  -3.0018 7
 -1.0793  -3.1185 7
 -0.7780  -3.2070 7
 -0.4696  -3.2664 7
 -0.1570  -3.2963 7
  0.1570  -3.2963 7
  0.4696  -3.2664 7
  0.7780  -3.2070 7
  1.0793  -3.1185 7
  1.3709  -3.0018 7
  1.6500  -2.8579 7
  1.9142  -2.6881 7
  2.1610  -2.4940 7
  2.3883  -2.2773 7
  2.5940  -2.0399 7
  2.7761  -1.7841 7
  2.9332  -1.5121 7
  3.0636  -1.2265 7
  3.1663  -0.9297 7
  3.2404  -0.6245 7
  3.2851  -0.3137 7
  3.6000   0.0000 7
  3.5863   0.3138 7
  3.5453   0.6251 7
  3.4773   0.9317 7
  3.3829   1.2313 7
  3.2627   1.5214 7
  3.1177   1.8000 7
  2.9489   2.0649 7
  2.7578   2.3140 7
  2.5456   2.5456 7
  2.3140   2.7578 7
  2.0649   2.9489 7
  1.8000   3.1177 7
  1.5214   3.2627 7
  1.2313   3.3829 7
  0.9317   3.4773 7
  0.6251   3.5453 7
  0.3138   3.5863 7
  0.0000   3.6000 7
 -0.3138   3.5863 7
 -0.6251   3.5453 7
 -0.9317   3.4773 7
 -1.2313   3.3829 7
 -1.5214   3.2627 7
 -1.8000   3.1177 7
 -2.0649   2.9489 7
 -2.3140   2.7578 7
 -2.5456   2.5456 7
 -2.7578   2.3140 7
 -2.9489   2.0649 7
 -3.1177   1.8000 7
 -3.2627   1.5214 7
 -3.3829   1.2313 7
 -3.4773   0.9317 7
 -3.5453   0.6251 7
 -3.5863   0.3138 7
 -3.6000   0.0000 7
 -3.5863  -0.3138 7
 -3.5453  -0.6251 7
 -3.4773  -0.9317 7
 -3.3829  -1.2313 7
 -3.2627  -1.5214 7
 -3.1177  -1.8000 7
 -2.9489  -2.0649 7
 -2.7578  -2.3140 7
 -2.5456  -2.5456 7
 -2.3140  -2.7578 7
 -2.0649  -2.9489 7
 -1.8000  -3.1177 7
 -1.5214  -3.2627 7
 -1.2313  -3.3829 7
 -0.9317  -3.4773 7
 -0.6251  -3.5453 7
 -0.3138  -3.5863 7
 -0.0000  -3.6000 7
  0.3138  -3.5863 7
  0.6251  -3.5453 7
  0.9317  -3.4773 7
  1.2313  -3.3829 7
  1.5214  -3.2627 7
  1.8000  -3.1177 7
  2.0649  -2.9489 7
  2.3140  -2.7578 7
  2.5456  -2.5456 7
  2.7578  -2.3140 7
  2.9489  -2.0649 7
  3.1177  -1.8000 7
  3.2627  -1.5214 7
  3.3829  -1.2313 7
  3.4773  -0.9317 7
  3.5453  -0.6251 7
  3.5863  -0.3138 7
  3.9000   0.0000 7
  3.8874   0.3138 7
  3.8495   0.6256 7
  3.7867   0.9333 7
  3.6993   1.2350 7
  3.5879   1.5287 7
  3.4533   1.8124 7
  3.2962   2.0844 7
  3.1178   2.3429 7
  2.9192   2.5862 7
  2.7016   2.8127 7
  2.4665   3.0210 7
  2.2155   3.2096 7
  1.9500   3.3775 7
  1.6719   3.5235 7
  1.3830   3.6466 7
  1.0850   3.7460 7
  0.7801   3.8212 7
  0.4701   3.8716 7
  0.1570   3.8968 7
 -0.1570   3.8968 7
 -0.4701   3.8716 7
 -0.7801   3.8212 7
 -1.0850   3.7460 7
 -1.3830   3.6466 7
 -1.6719   3.5235 7
 -1.9500   3.3775 7
 -2.2155   3.2096 7
 -2.4665   3.0210 7
 -2.7016   2.8127 7
 -2.9192   2.5862 7
 -3.1178   2.3429 7
 -3.2962   2.0844 7
 -3.4533   1.8124 7
 -3.5879   1.5287 7
 -3.6993   1.2350 7
 -3.7867   0.9333 7
 -3.8495   0.6256 7
 -3.8874   0.3138 7
 -3.9000   0.0000 7
 -3.8874  -0.3138 7
 -3.8495  -0.6256 7
 -3.7867  -0.9333 7
 -3.6993  -1.2350 7
 -3.5879  -1.5287 7
 -3.4533  -1.8124 7
 -3.2962  -2.0844 7
 -3.1178  -2.3429 7
 -2.9192  -2.5862 7
 -2.7016  -2.8127 7
 -2.4665  -3.0210 7
 -2.2155  -3.2096 7
 -1.9500  -3.3775 7
 -1.6719  -3.5235 7
 -1.3830  -3.6466 7
 -1.0850  -3.7460 7
 -0.7801  -3.8212 7
 -0.4701  -3.8716 7
 -0.1570  -3.8968 7
  0.1570  -3.8968 7
  0.4701  -3.8716 7
  0.7801  -3.8212 7
  1.0850  -3.7460 7
  1.3830  -3.6466 7
  1.6719  -3.5235 7
  1.9500  -3.3775 7
  2.2155  -3.2096 7
  2.4665  -3.0210 7
  2.7016  -2.8127 7
  2.9192  -2.5862 7
  3.1178  -2.3429 7
  3.2962  -2.0844 7
  3.4533  -1.8124 7
  3.5879  -1.5287 7
  3.6993  -1.2350 7
  3.7867  -0.9333 7
  3.8495  -0.6256 7
  3.8874  -0.3138 7
  4.2000   0.0000 7
  4.1883   0.3139 7
  4.1531   0.6260 7
  4.0947   0.9346 7
  4.0134   1.2380 7
  3.9097   1.5344 7
  3.7841   1.8223 7
  3.6373   2.1000 7
  3.4702   2.3659 7
  3.2837   2.6187 7
  3.0788   2.8567 7
  2.8567   3.0788 7
  2.6187   3.2837 7
  2.3659   3.4702 7
  2.1000   3.6373 7
  1.8223   3.7841 7
  1.5344   3.9097 7
  1.2380   4.0134 7
  0.9346   4.0947 7
  0.6260   4.1531 7
  0.3139   4.1883 7
  0.0000   4.2000 7
 -0.3139   4.1883 7
 -0.6260   4.1531 7
 -0.9346   4.0947 7
 -1.2380   4.0134 7
 -1.5344   3.9097 7
 -1.8223   3.7841 7
 -2.1000   3.6373 7
 -2.3659   3.4702 7
 -2.6187   3.2837 7
 -2.8567   3.0788 7
 -3.0788   2.8567 7
 -3.2837   2.6187 7
 -3.4702   2.3659 7
 -3.6373   2.1000 7
 -3.7841   1.8223 7
 -3.9097   1.5344 7
 -4.0134   1.2380 7
 -4.0947   0.9346 7
 -4.1531   0.6260 7
 -4.1883   0.3139 7
 -4.2000   0.0000 7
 -4.1883  -0.3139 7
 -4.1531  -0.6260 7
 -4.0947  -0.9346 7
 -4.0134  -1.2380 7
 -3.9097  -1.5344 7
 -3.7841  -1.8223 7
 -3.6373  -2.1000 7
 -3.4702  -2.3659 7
 -3.2837  -2.6187 7
 -3.0788  -2.8567 7
 -2.8567  -3.0788 7
 -2.6187  -3.2837 7
 -2.3659  -3.4702 7
 -2.1000  -3.6373 7
 -1.8223  -3.7841 7
 -1.5344  -3.9097 7
 -1.2380  -4.0134 7
 -0.9346  -4.0947 7
 -0.6260  -4.1531 7
 -0.3139  -4.1883 7
 -0.0000  -4.2000 7
  0.3139  -4.1883 7
  0.6260  -4.1531 7
  0.9346  -4.0947 7
  1.2380  -4.0134 7
  1.5344  -3.9097 7
  1.8223  -3.7841 7
  2.1000  -3.6373 7
  2.3659  -3.4702 7
  2.6187  -3.2837 7
  2.8567  -3.0788 7
  3.0788  -2.8567 7
  3.2837  -2.6187 7
  3.4702  -2.3659 7
  3.6373  -2.1000 7
  3.7841  -1.8223 7
  3.9097  -1.5344 7
  4.0134  -1.2380 7
  4.0947  -0.9346 7
  4.1531  -0.6260 7
  4.1883  -0.3139 7
